   0.0000000000000000        100.00000000000000        0.0000000000000000        0.0000000000000000     
   9.9999997764825821E-003   99.999500000022351        4.9999998882412910E-003  -4.9999998882412910E-002
   1.9999999552965164E-002   99.998000500089375        1.4999999664723873E-002 -0.14994999664872885     
   2.9999999329447746E-002   99.995502499701033        2.4999999441206455E-002 -0.24980004441802317     
   3.9999999105930328E-002   99.992006997357763        3.4999999217689037E-002 -0.34955024214029212     
   4.9999998882412910E-002   99.987514990561507        4.4999998994171619E-002 -0.44920068966558202     
   5.9999998658895493E-002   99.982027475816722        5.4999998770654202E-002 -0.54875148674408902     
   6.9999998435378075E-002   99.975545448631337        6.4999998547136784E-002 -0.64820273302625930     
   7.9999998211860657E-002   99.968069903517801        7.4999998323619366E-002 -0.74755452806288836     
   8.9999997988343239E-002   99.959601833994029        8.4999998100101948E-002 -0.84680697130522098     
   9.9999997764825821E-002   99.950142232584412        9.4999997876584530E-002 -0.94596016210505074     
  0.10999999754130840        99.939692090820841       0.10499999765306711       -1.0450141997148195     
  0.11999999731779099        99.928252399243661       0.11499999742954969       -1.1439691832877164     
  0.12999999709427357        99.915824147402674       0.12499999720603228       -1.2428252118777776     
  0.13999999687075615        99.902408323858140       0.13499999698251486       -1.3415823844399855     
  0.14999999664723873        99.888005916181754       0.14499999675899744       -1.4402407998303668     
  0.15999999642372131        99.872617910957644       0.15499999653548002       -1.5388005568060930     
  0.16999999620020390        99.856245293783346       0.16499999631196260       -1.6372617540255776     
  0.17999999597668648        99.838889049270804       0.17499999608844519       -1.7356244900485764     
  0.18999999575316906        99.820550161047350       0.18499999586492777       -1.8338888633362851     
  0.19999999552965164        99.801229611756682       0.19499999564141035       -1.9320549722514382     
  0.20999999530613422        99.780928383059859       0.20499999541789293       -2.0301229150584077     
  0.21999999508261681        99.759647455636298       0.21499999519437551       -2.1280927899233006     
  0.22999999485909939        99.737387809184696       0.22499999497085810       -2.2259646949140586     
  0.23999999463558197        99.714150422424083       0.23499999474734068       -2.3237387280005550     
  0.24999999441206455        99.689936273094759       0.24499999452382326       -2.4214149870546935     
  0.25999999418854713        99.664746337959286       0.25499999430030584       -2.5189935698505055     
  0.26999999396502972        99.638581592803476       0.26499999407678843       -2.6164745740642488     
  0.27999999374151230        99.611443012437320       0.27499999385327101       -2.7138580972745046     
  0.28999999351799488        99.583331570696032       0.28499999362975359       -2.8111442369622757     
  0.29999999329447746        99.554248240440984       0.29499999340623617       -2.9083330905110838     
  0.30999999307096004        99.524193993560672       0.30499999318271875       -3.0054247552070672     
  0.31999999284744263        99.493169800971728       0.31499999295920134       -3.1024193282390780     
  0.32999999262392521        99.461176632619839       0.32499999273568392       -3.1993169066987797     
  0.33999999240040779        99.428215457480775       0.33499999251216650       -3.2961175875807434     
  0.34999999217689037        99.394287243561308       0.34499999228864908       -3.3928214677825466     
  0.35999999195337296        99.359392957900212       0.35499999206513166       -3.4894286441048683     
  0.36999999172985554        99.323533566569211       0.36499999184161425       -3.5859392132515877     
  0.37999999150633812        99.286710034673987       0.37499999161809683       -3.6823532718298795     
  0.38999999128282070        99.248923326355083       0.38499999139457941       -3.7786709163503112     
  0.39999999105930328        99.210174404788916       0.39499999117106199       -3.8748922432269399     
  0.40999999083578587        99.170464232188735       0.40499999094754457       -3.9710173487774090     
  0.41999999061226845        99.129793769805559       0.41499999072402716       -4.0670463292230439     
  0.42999999038875103        99.088163977929170       0.42499999050050974       -4.1629792806889485     
  0.43999999016523361        99.045575815889052       0.43499999027699232       -4.2588162992041019     
  0.44999998994171619        99.002030242055355       0.44499999005347490       -4.3545574807014544     
  0.45999998971819878        98.957528213839879       0.45499998982995749       -4.4502029210180227     
  0.46999998949468136        98.912070687696982       0.46499998960644007       -4.5457527158949871     
  0.47999998927116394        98.865658619124588       0.47499998938292265       -4.6412069609777866     
  0.48999998904764652        98.818292962665126       0.48499998915940523       -4.7365657518162143     
  0.49999998882412910        98.769974671906482       0.49499998893588781       -4.8318291838645138     
  0.50999998860061169        98.720704699482937       0.50499998871237040       -4.9269973524814752     
  0.51999998837709427        98.670483997076147       0.51499998848885298       -5.0220703529305286     
  0.52999998815357685        98.619313515416096       0.52499998826533556       -5.1170482803798416     
  0.53999998793005943        98.567194204282032       0.53499998804181814       -5.2119312299024125     
  0.54999998770654202        98.514127012503408       0.54499998781830072       -5.3067192964761682     
  0.55999998748302460        98.460112887960875       0.55499998759478331       -5.4014125749840565     
  0.56999998725950718        98.405152777587190       0.56499998737126589       -5.4960111602141417     
  0.57999998703598976        98.349247627368172       0.57499998714774847       -5.5905151468597021     
  0.58999998681247234        98.292398382343663       0.58499998692423105       -5.6849246295193208     
  0.59999998658895493        98.234605986608457       0.59499998670071363       -5.7792397026969828     
  0.60999998636543751        98.175871383313250       0.60499998647719622       -5.8734604608021703     
  0.61999998614192009        98.116195514665606       0.61499998625367880       -5.9675869981499545     
  0.62999998591840267        98.055579321930878       0.62499998603016138       -6.0616194089610920     
  0.63999998569488525        97.994023745433125       0.63499998580664396       -6.1555577873621194     
  0.64999998547136784        97.931529724556114       0.64499998558312654       -6.2494022273854455     
  0.65999998524785042        97.868098197744231       0.65499998535960913       -6.3431528229694472     
  0.66999998502433300        97.803730102503380       0.66499998513609171       -6.4368096679585634     
  0.67999998480081558        97.738426375402000       0.67499998491257429       -6.5303728561033889     
  0.68999998457729816        97.672187952071937       0.68499998468905687       -6.6238424810607661     
  0.69999998435378075        97.605015767209409       0.69499998446553946       -6.7172186363938824     
  0.70999998413026333        97.536910754575956       0.70499998424202204       -6.8105014155723618     
  0.71999998390674591        97.467873846999325       0.71499998401850462       -6.9036909119723573     
  0.72999998368322849        97.397905976374460       0.72499998379498720       -6.9967872188766469     
  0.73999998345971107        97.327008073664402       0.73499998357146978       -7.0897904294747258     
  0.74999998323619366        97.255181068901237       0.74499998334795237       -7.1827006368628998     
  0.75999998301267624        97.182425891186995       0.75499998312443495       -7.2755179340443776     
  0.76999998278915882        97.108743468694627       0.76499998290091753       -7.3682424139293659     
  0.77999998256564140        97.034134728668917       0.77499998267740011       -7.4608741693351597     
  0.78999998234212399        96.958600597427377       0.78499998245388269       -7.5534132929862379     
  0.79999998211860657        96.882142000361213       0.79499998223036528       -7.6458598775143551     
  0.80999998189508915        96.804759861936247       0.80499998200684786       -7.7382140154586327     
  0.81999998167157173        96.726455105693844       0.81499998178333044       -7.8304757992656544     
  0.82999998144805431        96.647228654251805       0.82499998155981302       -7.9226453212895560     
  0.83999998122453690        96.567081429305318       0.83499998133629560       -8.0147226737921198     
  0.84999998100101948        96.486014351627887       0.84499998111277819       -8.1067079489428675     
  0.85999998077750206        96.404028341072220       0.85499998088926077       -8.1986012388191494     
  0.86999998055398464        96.321124316571201       0.86499998066574335       -8.2904026354062399     
  0.87999998033046722        96.237303196138768       0.87499998044222593       -8.3821122305974285     
  0.88999998010694981        96.152565896870854       0.88499998021870852       -8.4737301161941083     
  0.89999997988343239        96.066913334946278       0.89499997999519110       -8.5652563839058740     
  0.90999997965991497        95.980346425627687       0.90499997977167368       -8.6566911253506102     
  0.91999997943639755        95.892866083262476       0.91499997954815626       -8.7480344320545829     
  0.92999997921288013        95.804473221283686       0.92499997932463884       -8.8392863954525325     
  0.93999997898936272        95.715168752210914       0.93499997910112143       -8.9304471068877636     
  0.94999997876584530        95.624953587651262       0.94499997887760401       -9.0215166576122385     
  0.95999997854232788        95.533828638300193       0.95499997865408659       -9.1124951387866684     
  0.96999997831881046        95.441794813942508       0.96499997843056917       -9.2033826414806015     
  0.97999997809529305        95.348853023453188       0.97499997820705175       -9.2941792566725177     
  0.98999997787177563        95.255004174798373       0.98499997798353434       -9.3848850752499189     
  0.99999997764825821        95.160249175036213       0.99499997776001692       -9.4755001880094181     
   1.0099999774247408        95.064588930317825        1.0049999775364995       -9.5660246856568332     
   1.0199999772012234        94.968024345888139        1.0149999773129821       -9.6564586588072743     
   1.0299999769777060        94.870556326086870        1.0249999770894647       -9.7468021979852395     
   1.0399999767541885        94.772185774349381        1.0349999768659472       -9.8370553936247003     
   1.0499999765306711        94.672913593207596        1.0449999766424298       -9.9272183360691937     
   1.0599999763071537        94.572740684290920        1.0549999764189124       -10.017291115571913     
   1.0699999760836363        94.471667948327109        1.0649999761953950       -10.107273822295802     
   1.0799999758601189        94.369696285143220        1.0749999759718776       -10.197166546313637     
   1.0899999756366014        94.266826593666451        1.0849999757483602       -10.286969377608123     
   1.0999999754130840        94.163059771925106        1.0949999755248427       -10.376682406071986     
   1.1099999751895666        94.058396717049433        1.1049999753013253       -10.466305721508052     
   1.1199999749660492        93.952838325272552        1.1149999750778079       -10.555839413629350     
   1.1299999747425318        93.846385491931372        1.1249999748542905       -10.645283572059194     
   1.1399999745190144        93.739039111467434        1.1349999746307731       -10.734638286331274     
   1.1499999742954969        93.630800077427864        1.1449999744072556       -10.823903645889748     
   1.1599999740719795        93.521669282466235        1.1549999741837382       -10.913079740089328     
   1.1699999738484621        93.411647618343451        1.1649999739602208       -11.002166658195373     
   1.1799999736249447        93.300735975928674        1.1749999737367034       -11.091164489383976     
   1.1899999734014273        93.188935245200199        1.1849999735131860       -11.180073322742054     
   1.1999999731779099        93.076246315246323        1.1949999732896686       -11.268893247267435     
   1.2099999729543924        92.962670074266256        1.2049999730661511       -11.357624351868953     
   1.2199999727308750        92.848207409571032        1.2149999728426337       -11.446266725366531     
   1.2299999725073576        92.732859207584355        1.2249999726191163       -11.534820456491271     
   1.2399999722838402        92.616626353843500        1.2349999723955989       -11.623285633885548     
   1.2499999720603228        92.499509733000224        1.2449999721720815       -11.711662346103088     
   1.2599999718368053        92.381510228821625        1.2549999719485641       -11.799950681609069     
   1.2699999716132879        92.262628724191032        1.2649999717250466       -11.888150728780202     
   1.2799999713897705        92.142866101108893        1.2749999715015292       -11.976262575904821     
   1.2899999711662531        92.022223240693648        1.2849999712780118       -12.064286311182972     
   1.2999999709427357        91.900701023182620        1.2949999710544944       -12.152222022726500     
   1.3099999707192183        91.778300327932897        1.3049999708309770       -12.240069798559141     
   1.3199999704957008        91.655022033422213        1.3149999706074595       -12.327829726616603     
   1.3299999702721834        91.530867017249832        1.3249999703839421       -12.415501894746662     
   1.3399999700486660        91.405836156137397        1.3349999701604247       -12.503086390709244     
   1.3499999698251486        91.279930325929840        1.3449999699369073       -12.590583302176515     
   1.3599999696016312        91.153150401596264        1.3549999697133899       -12.677992716732971     
   1.3699999693781137        91.025497257230782        1.3649999694898725       -12.765314721875523     
   1.3799999691545963        90.896971766053412        1.3749999692663550       -12.852549405013582     
   1.3899999689310789        90.767574800410969        1.3849999690428376       -12.939696853469153     
   1.3999999687075615        90.637307231777910        1.3949999688193202       -13.026757154476918     
   1.4099999684840441        90.506169930757210        1.4049999685958028       -13.113730395184325     
   1.4199999682605267        90.374163767081257        1.4149999683722854       -13.200616662651671     
   1.4299999680370092        90.241289609612707        1.4249999681487679       -13.287416043852197     
   1.4399999678134918        90.107548326345338        1.4349999679252505       -13.374128625672169     
   1.4499999675899744        89.972940784404940        1.4449999677017331       -13.460754494910967     
   1.4599999673664570        89.837467850050189        1.4549999674782157       -13.547293738281173     
   1.4699999671429396        89.701130388673477        1.4649999672546983       -13.633746442408652     
   1.4799999669194221        89.563929264801828        1.4749999670311809       -13.720112693832649     
   1.4899999666959047        89.425865342097737        1.4849999668076634       -13.806392579005864     
   1.4999999664723873        89.286939483360030        1.4949999665841460       -13.892586184294551     
   1.5099999662488699        89.147152550524723        1.5049999663606286       -13.978693595978591     
   1.5199999660253525        89.006505404665916        1.5149999661371112       -14.064714900251587     
   1.5299999658018351        88.864998905996629        1.5249999659135938       -14.150650183220952     
   1.5399999655783176        88.722633913869657        1.5349999656900764       -14.236499530907988     
   1.5499999653548002        88.579411286778452        1.5449999654665589       -14.322263029247976     
   1.5599999651312828        88.435331882357971        1.5549999652430415       -14.407940764090263     
   1.5699999649077654        88.290396557385549        1.5649999650195241       -14.493532821198347     
   1.5799999646842480        88.144606167781717        1.5749999647960067       -14.579039286249959     
   1.5899999644607306        87.997961568611103        1.5849999645724893       -14.664460244837157     
   1.5999999642372131        87.850463614083282        1.5949999643489718       -14.749795782466403     
   1.6099999640136957        87.702113157553583        1.6049999641254544       -14.835045984558658     
   1.6199999637901783        87.552911051524021        1.6149999639019370       -14.920210936449454     
   1.6299999635666609        87.402858147644068        1.6249999636784196       -15.005290723388995     
   1.6399999633431435        87.251955296711586        1.6349999634549022       -15.090285430542231     
   1.6499999631196260        87.100203348673617        1.6449999632313848       -15.175195142988946     
   1.6599999628961086        86.947603152627252        1.6549999630078673       -15.260019945723846     
   1.6699999626725912        86.794155556820513        1.6649999627843499       -15.344759923656644     
   1.6799999624490738        86.639861408653132        1.6749999625608325       -15.429415161612141     
   1.6899999622255564        86.484721554677478        1.6849999623373151       -15.513985744330313     
   1.6999999620020390        86.328736840599348        1.6949999621137977       -15.598471756466397     
   1.7099999617785215        86.171908111278839        1.7049999618902802       -15.682873282590974     
   1.7199999615550041        86.014236210731184        1.7149999616667628       -15.767190407190055     
   1.7299999613314867        85.855721982127605        1.7249999614432454       -15.851423214665166     
   1.7399999611079693        85.696366267796151        1.7349999612197280       -15.935571789333428     
   1.7499999608844519        85.536169909222536        1.7449999609962106       -16.019636215427649     
   1.7599999606609344        85.375133747051009        1.7549999607726932       -16.103616577096403     
   1.7699999604374170        85.213258621085160        1.7649999605491757       -16.187512958404113     
   1.7799999602138996        85.050545370288773        1.7749999603256583       -16.271325443331140     
   1.7899999599903822        84.886994832786669        1.7849999601021409       -16.355054115773864     
   1.7999999597668648        84.722607845865554        1.7949999598786235       -16.438699059544771     
   1.8099999595433474        84.557385245974842        1.8049999596551061       -16.522260358372531     
   1.8199999593198299        84.391327868727487        1.8149999594315886       -16.605738095902083     
   1.8299999590963125        84.224436548900854        1.8249999592080712       -16.689132355694728     
   1.8399999588727951        84.056712120437510        1.8349999589845538       -16.772443221228201     
   1.8499999586492777        83.888155416446082        1.8449999587610364       -16.855670775896762     
   1.8599999584257603        83.718767269202090        1.8549999585375190       -16.938815103011276     
   1.8699999582022429        83.548548510148777        1.8649999583140016       -17.021876285799294     
   1.8799999579787254        83.377499969897954        1.8749999580904841       -17.104854407405142     
   1.8899999577552080        83.205622478230822        1.8849999578669667       -17.187749550890004     
   1.8999999575316906        83.032916864098780        1.8949999576434493       -17.270561799231999     
   1.9099999573081732        82.859383955624281        1.9049999574199319       -17.353291235326267     
   1.9199999570846558        82.685024580101668        1.9149999571964145       -17.435937941985060     
   1.9299999568611383        82.509839563997986        1.9249999569728971       -17.518502001937808     
   1.9399999566376209        82.333829732953802        1.9349999567493796       -17.600983497831219     
   1.9499999564141035        82.156995911784051        1.9449999565258622       -17.683382512229350     
   1.9599999561905861        81.979338924478853        1.9549999563023448       -17.765699127613697     
   1.9699999559670687        81.800859594204340        1.9649999560788274       -17.847933426383275     
   1.9799999557435513        81.621558743303481        1.9749999558553100       -17.930085490854694     
   1.9899999555200338        81.441437193296892        1.9849999556317925       -18.012155403262256     
   1.9999999552965164        81.260495764883672        1.9949999554082751       -18.094143245758019     
   2.0099999550729990        81.078735277942215        2.0049999551847577       -18.176049100411898     
   2.0199999548494816        80.896156551531050        2.0149999549612403       -18.257873049211735     
   2.0299999546259642        80.712760403889632        2.0249999547377229       -18.339615174063383     
   2.0399999544024467        80.528547652439201        2.0349999545142055       -18.421275556790786     
   2.0499999541789293        80.343519113783557        2.0449999542906880       -18.502854279136070     
   2.0599999539554119        80.157675603709890        2.0549999540671706       -18.584351422759617     
   2.0699999537318945        79.971017937189615        2.0649999538436532       -18.665767069240147     
   2.0799999535083771        79.783546928379167        2.0749999536201358       -18.747101300074803     
   2.0899999532848597        79.595263390620843        2.0849999533966184       -18.828354196679232     
   2.0999999530613422        79.406168136443569        2.0949999531731009       -18.909525840387662     
   2.1099999528378248        79.216261977563775        2.1049999529495835       -18.990616312452985     
   2.1199999526143074        79.025545724886143        2.1149999527260661       -19.071625694046851     
   2.1299999523907900        78.834020188504482        2.1249999525025487       -19.152554066259725     
   2.1399999521672726        78.641686177702468        2.1349999522790313       -19.233401510100990     
   2.1499999519437551        78.448544500954526        2.1449999520555139       -19.314168106499014     
   2.1599999517202377        78.254595965926598        2.1549999518319964       -19.394853936301242     
   2.1699999514967203        78.059841379476964        2.1649999516084790       -19.475459080274270     
   2.1799999512732029        77.864281547657029        2.1749999513849616       -19.555983619103923     
   2.1899999510496855        77.667917275712156        2.1849999511614442       -19.636427633395350     
   2.1999999508261681        77.470749368082465        2.1949999509379268       -19.716791203673083     
   2.2099999506026506        77.272778628403643        2.2049999507144094       -19.797074410381136     
   2.2199999503791332        77.074005859507736        2.2149999504908919       -19.877277333883079     
   2.2299999501556158        76.874431863423936        2.2249999502673745       -19.957400054462120     
   2.2399999499320984        76.674057441379446        2.2349999500438571       -20.037442652321179     
   2.2499999497085810        76.472883393800203        2.2449999498203397       -20.117405207582973     
   2.2599999494850636        76.270910520311745        2.2549999495968223       -20.197287800290102     
   2.2699999492615461        76.068139619739981        2.2649999493733048       -20.277090510405120     
   2.2799999490380287        75.864571490111970        2.2749999491497874       -20.356813417810617     
   2.2899999488145113        75.660206928656777        2.2849999489262700       -20.436456602309303     
   2.2999999485909939        75.455046731806220        2.2949999487027526       -20.516020143624083     
   2.3099999483674765        75.249091695195688        2.3049999484792352       -20.595504121398140     
   2.3199999481439590        75.042342613664943        2.3149999482557178       -20.674908615195015     
   2.3299999479204416        74.834800281258893        2.3249999480322003       -20.754233704498684     
   2.3399999476969242        74.626465491228402        2.3349999478086829       -20.833479468713644     
   2.3499999474734068        74.417339036031095        2.3449999475851655       -20.912645987164979     
   2.3599999472498894        74.207421707332131        2.3549999473616481       -20.991733339098452     
   2.3699999470263720        73.996714296005010        2.3649999471381307       -21.070741603680581     
   2.3799999468028545        73.785217592132341        2.3749999469146132       -21.149670859998714     
   2.3899999465793371        73.572932385006681        2.3849999466910958       -21.228521187061119     
   2.3999999463558197        73.359859463131258        2.3949999464675784       -21.307292663797050     
   2.4099999461323023        73.145999614220827        2.4049999462440610       -21.385985369056829     
   2.4199999459087849        72.931353625202419        2.4149999460205436       -21.464599381611936     
   2.4299999456852674        72.715922282216141        2.4249999457970262       -21.543134780155075     
   2.4399999454617500        72.499706370615939        2.4349999455735087       -21.621591643300256     
   2.4499999452382326        72.282706674970427        2.4449999453499913       -21.699970049582877     
   2.4599999450147152        72.064923979063650        2.4549999451264739       -21.778270077459798     
   2.4699999447911978        71.846359065895868        2.4649999449029565       -21.856491805309425     
   2.4799999445676804        71.627012717684323        2.4749999446794391       -21.934635311431784     
   2.4899999443441629        71.406885715864064        2.4849999444559216       -22.012700674048602     
   2.4999999441206455        71.185978841088684        2.4949999442324042       -22.090687971303389     
   2.5099999438971281        70.964292873231130        2.5049999440088868       -22.168597281261501     
   2.5199999436736107        70.741828591384490        2.5149999437853694       -22.246428681910235     
   2.5299999434500933        70.518586773862751        2.5249999435618520       -22.324182251158899     
   2.5399999432265759        70.294568198201574        2.5349999433383346       -22.401858066838894     
   2.5499999430030584        70.069773641159088        2.5449999431148171       -22.479456206703787     
   2.5599999427795410        69.844203878716669        2.5549999428912997       -22.556976748429395     
   2.5699999425560236        69.617859686079711        2.5649999426677823       -22.634419769613853     
   2.5799999423325062        69.390741837678419        2.5749999424442649       -22.711785347777706     
   2.5899999421089888        69.162851107168535        2.5849999422207475       -22.789073560363970     
   2.5999999418854713        68.934188267432162        2.5949999419972301       -22.866284484738223     
   2.6099999416619539        68.704754090578533        2.6049999417737126       -22.943418198188677     
   2.6199999414384365        68.474549347944745        2.6149999415501952       -23.020474777926257     
   2.6299999412149191        68.243574810096575        2.6249999413266778       -23.097454301084671     
   2.6399999409914017        68.011831246829246        2.6349999411031604       -23.174356844720503     
   2.6499999407678843        67.779319427168161        2.6449999408796430       -23.251182485813271     
   2.6599999405443668        67.546040119369707        2.6549999406561255       -23.327931301265519     
   2.6699999403208494        67.311994090922013        2.6649999404326081       -23.404603367902887     
   2.6799999400973320        67.077182108545728        2.6749999402090907       -23.481198762474186     
   2.6899999398738146        66.841604938194777        2.6849999399855733       -23.557717561651486     
   2.6999999396502972        66.605263345057125        2.6949999397620559       -23.634159842030179     
   2.7099999394267797        66.368158093555550        2.7049999395385385       -23.710525680129063     
   2.7199999392032623        66.130289947348416        2.7149999393150210       -23.786815152390417     
   2.7299999389797449        65.891659669330423        2.7249999390915036       -23.863028335180079     
   2.7399999387562275        65.652268021633361        2.7349999388679862       -23.939165304787519     
   2.7499999385327101        65.412115765626922        2.7449999386444688       -24.015226137425916     
   2.7599999383091927        65.171203661919407        2.7549999384209514       -24.091210909232242     
   2.7699999380856752        64.929532470358509        2.7649999381974339       -24.167119696267328     
   2.7799999378621578        64.687102950032070        2.7749999379739165       -24.242952574515947     
   2.7899999376386404        64.443915859268856        2.7849999377503991       -24.318709619886882     
   2.7999999374151230        64.199971955639299        2.7949999375268817       -24.394390908213008     
   2.8099999371916056        63.955271995956252        2.8049999373033643       -24.469996515251374     
   2.8199999369680882        63.709816736275769        2.8149999370798469       -24.545526516683264     
   2.8299999367445707        63.463606931897843        2.8249999368563294       -24.620980988114283     
   2.8399999365210533        63.216643337367167        2.8349999366328120       -24.696360005074435     
   2.8499999362975359        62.968926706473880        2.8449999364092946       -24.771663643018190     
   2.8599999360740185        62.720457792254351        2.8549999361857772       -24.846891977324560     
   2.8699999358505011        62.471237346991892        2.8649999359622598       -24.922045083297185     
   2.8799999356269836        62.221266122217543        2.8749999357387424       -24.997123036164396     
   2.8899999354034662        61.970544868710803        2.8849999355152249       -25.072125911079301     
   2.8999999351799488        61.719074336500412        2.8949999352917075       -25.147053783119848     
   2.9099999349564314        61.466855274865061        2.9049999350681901       -25.221906727288914     
   2.9199999347329140        61.213888432334166        2.9149999348446727       -25.296684818514368     
   2.9299999345093966        60.960174556688621        2.9249999346211553       -25.371388131649155     
   2.9399999342858791        60.705714394961532        2.9349999343976378       -25.446016741471364     
   2.9499999340623617        60.450508693438984        2.9449999341741204       -25.520570722684308     
   2.9599999338388443        60.194558197660754        2.9549999339506030       -25.595050149916592     
   2.9699999336153269        59.937863652421100        2.9649999337270856       -25.669455097722199     
   2.9799999333918095        59.680425801769481        2.9749999335035682       -25.743785640580555     
   2.9899999331682920        59.422245389011294        2.9849999332800508       -25.818041852896606     
   2.9999999329447746        59.163323156708650        2.9949999330565333       -25.892223809000896     
   3.0099999327212572        58.903659846681080        3.0049999328330159       -25.966331583149632     
   3.0199999324977398        58.643256200006306        3.0149999326094985       -26.040365249524772     
   3.0299999322742224        58.382112957020972        3.0249999323859811       -26.114324882234090     
   3.0399999320507050        58.120230857321381        3.0349999321624637       -26.188210555311247     
   3.0499999318271875        57.857610639764239        3.0449999319389462       -26.262022342715881     
   3.0599999316036701        57.594253042467400        3.0549999317154288       -26.335760318333659     
   3.0699999313801527        57.330158802810601        3.0649999314919114       -26.409424555976369     
   3.0799999311566353        57.065328657436197        3.0749999312683940       -26.483015129381982     
   3.0899999309331179        56.799763342249896        3.0849999310448766       -26.556532112214740     
   3.0999999307096004        56.533463592421505        3.0949999308213592       -26.629975578065213     
   3.1099999304860830        56.266430142385666        3.1049999305978417       -26.703345600450383     
   3.1199999302625656        55.998663725842576        3.1149999303743243       -26.776642252813716     
   3.1299999300390482        55.730165075758734        3.1249999301508069       -26.849865608525228     
   3.1399999298155308        55.460934924367685        3.1349999299272895       -26.923015740881574     
   3.1499999295920134        55.190974003170723        3.1449999297037721       -26.996092723106109     
   3.1599999293684959        54.920283042937648        3.1549999294802547       -27.069096628348966     
   3.1699999291449785        54.648862773707492        3.1649999292567372       -27.142027529687123     
   3.1799999289214611        54.376713924789250        3.1749999290332198       -27.214885500124485     
   3.1899999286979437        54.103837224762600        3.1849999288097024       -27.287670612591953     
   3.1999999284744263        53.830233401478644        3.1949999285861850       -27.360382939947495     
   3.2099999282509089        53.555903182060639        3.2049999283626676       -27.433022554976226     
   3.2199999280273914        53.280847292904710        3.2149999281391501       -27.505589530390466     
   3.2299999278038740        53.005066459680592        3.2249999279156327       -27.578083938829835     
   3.2399999275803566        52.728561407332350        3.2349999276921153       -27.650505852861304     
   3.2499999273568392        52.451332860079098        3.2449999274685979       -27.722855344979280     
   3.2599999271333218        52.173381541415736        3.2549999272450805       -27.795132487605677     
   3.2699999269098043        51.894708174113674        3.2649999270215631       -27.867337353089987     
   3.2799999266862869        51.615313480221538        3.2749999267980456       -27.939470013709350     
   3.2899999264627695        51.335198181065920        3.2849999265745282       -28.011530541668630     
   3.2999999262392521        51.054362997252070        3.2949999263510108       -28.083519009100488     
   3.3099999260157347        50.772808648664643        3.3049999261274934       -28.155435488065454     
   3.3199999257922173        50.490535854468412        3.3149999259039760       -28.227280050551990     
   3.3299999255686998        50.207545333108975        3.3249999256804585       -28.299052768476574     
   3.3399999253451824        49.923837802313493        3.3349999254569411       -28.370753713683769     
   3.3499999251216650        49.639413979091401        3.3449999252334237       -28.442382957946290     
   3.3599999248981476        49.354274579735112        3.3549999250099063       -28.513940572965083     
   3.3699999246746302        49.068420319820760        3.3649999247863889       -28.585426630369390     
   3.3799999244511127        48.781851914208893        3.3749999245628715       -28.656841201716826     
   3.3899999242275953        48.494570077045211        3.3849999243393540       -28.728184358493447     
   3.3999999240040779        48.206575521761252        3.3949999241158366       -28.799456172113821     
   3.4099999237805605        47.917868961075136        3.4049999238923192       -28.870656713921107     
   3.4199999235570431        47.628451106992259        3.4149999236688018       -28.941786055187116     
   3.4299999233335257        47.338322670806008        3.4249999234452844       -29.012844267112389     
   3.4399999231100082        47.047484363098491        3.4349999232217669       -29.083831420826264     
   3.4499999228864908        46.755936893741215        3.4449999229982495       -29.154747587386957     
   3.4599999226629734        46.463680971895826        3.4549999227747321       -29.225592837781615     
   3.4699999224394560        46.170717306014808        3.4649999225512147       -29.296367242926408     
   3.4799999222159386        45.877046603842196        3.4749999223276973       -29.367070873666581     
   3.4899999219924212        45.582669572414268        3.4849999221041799       -29.437703800776543     
   3.4999999217689037        45.287586918060278        3.4949999218806624       -29.508266094959922     
   3.5099999215453863        44.991799346403148        3.5049999216571450       -29.578757826849642     
   3.5199999213218689        44.695307562360178        3.5149999214336276       -29.649179067007999     
   3.5299999210983515        44.398112270143741        3.5249999212101102       -29.719529885926722     
   3.5399999208748341        44.100214173262010        3.5349999209865928       -29.789810354027050     
   3.5499999206513166        43.801613974519647        3.5449999207630754       -29.860020541659800     
   3.5599999204277992        43.502312376018502        3.5549999205395579       -29.930160519105442     
   3.5699999202042818        43.202310079158337        3.5649999203160405       -30.000230356574161     
   3.5799999199807644        42.901607784637498        3.5749999200925231       -30.070230124205931     
   3.5899999197572470        42.600206192453641        3.5849999198690057       -30.140159892070592     
   3.5999999195337296        42.298106001904429        3.5949999196454883       -30.210019730167907     
   3.6099999193102121        41.995307911588220        3.6049999194219708       -30.279809708427649     
   3.6199999190866947        41.691812619404772        3.6149999191984534       -30.349529896709651     
   3.6299999188631773        41.387620822555952        3.6249999189749360       -30.419180364803889     
   3.6399999186396599        41.082733217546419        3.6349999187514186       -30.488761182430551     
   3.6499999184161425        40.777150500184327        3.6449999185279012       -30.558272419240105     
   3.6599999181926250        40.470873365582023        3.6549999183043838       -30.627714144813368     
   3.6699999179691076        40.163902508156738        3.6649999180808663       -30.697086428661574     
   3.6799999177455902        39.856238621631299        3.6749999178573489       -30.766389340226450     
   3.6899999175220728        39.547882399034798        3.6849999176338315       -30.835622948880278     
   3.6999999172985554        39.238834532703294        3.6949999174103141       -30.904787323925966     
   3.7099999170750380        38.929095714280521        3.7049999171867967       -30.973882534597124     
   3.7199999168515205        38.618666634718572        3.7149999169632792       -31.042908650058127     
   3.7299999166280031        38.307547984278571        3.7249999167397618       -31.111865739404184     
   3.7399999164044857        37.995740452531400        3.7349999165162444       -31.180753871661405     
   3.7499999161809683        37.683244728358353        3.7449999162927270       -31.249573115786884     
   3.7599999159574509        37.370061499951859        3.7549999160692096       -31.318323540668750     
   3.7699999157339334        37.056191454816137        3.7649999158456922       -31.387005215126248     
   3.7799999155104160        36.741635279767920        3.7749999156221747       -31.455618207909797     
   3.7899999152868986        36.426393660937109        3.7849999153986573       -31.524162587701078     
   3.7999999150633812        36.110467283767484        3.7949999151751399       -31.592638423113076     
   3.8099999148398638        35.793856833017379        3.8049999149516225       -31.661045782690174     
   3.8199999146163464        35.476562992760364        3.8149999147281051       -31.729384734908201     
   3.8299999143928289        35.158586446385947        3.8249999145045877       -31.797655348174523     
   3.8399999141693115        34.839927876600242        3.8349999142810702       -31.865857690828086     
   3.8499999139457941        34.520587965426650        3.8449999140575528       -31.933991831139505     
   3.8599999137222767        34.200567394206558        3.8549999138340354       -32.002057837311121     
   3.8699999134987593        33.879866843600006        3.8649999136105180       -32.070055777477066     
   3.8799999132752419        33.558486993586371        3.8749999133870006       -32.137985719703352     
   3.8899999130517244        33.236428523465058        3.8849999131634831       -32.205847731987923     
   3.8999999128282070        32.913692111856172        3.8949999129399657       -32.273641882260712     
   3.9099999126046896        32.590278436701190        3.9049999127164483       -32.341368238383737     
   3.9199999123811722        32.266188175263665        3.9149999124929309       -32.409026868151138     
   3.9299999121576548        31.941422004129862        3.9249999122694135       -32.476617839289275     
   3.9399999119341373        31.615980599209475        3.9349999120458961       -32.544141219456783     
   3.9499999117106199        31.289864635736290        3.9449999118223786       -32.611597076244628     
   3.9599999114871025        30.963074788268852        3.9549999115988612       -32.678985477176184     
   3.9699999112635851        30.635611730691149        3.9649999113753438       -32.746306489707308     
   3.9799999110400677        30.307476136213289        3.9749999111518264       -32.813560181226407     
   3.9899999108165503        29.978668677372163        3.9849999109283090       -32.880746619054484     
   3.9999999105930328        29.649190026032134        3.9949999107047915       -32.947865870445234     
   4.0099999103695154        29.319040853385690        4.0049999104812741       -33.014918002585098     
   4.0199999101459980        28.988221829954139        4.0149999102577567       -33.081903082593321     
   4.0299999099224806        28.656733625588256        4.0249999100342393       -33.148821177522031     
   4.0399999096989632        28.324576909468973        4.0349999098107219       -33.215672354356315     
   4.0499999094754457        27.991752350108040        4.0449999095872045       -33.282456680014263     
   4.0599999092519283        27.658260615348691        4.0549999093636870       -33.349174221347049     
   4.0699999090284109        27.324102372366319        4.0649999091401696       -33.415825045139002     
   4.0799999088048935        26.989278287669144        4.0749999089166522       -33.482409218107655     
   4.0899999085813761        26.653789027098874        4.0849999086931348       -33.548926806903836     
   4.0999999083578587        26.317635255831380        4.0949999084696174       -33.615377878111715     
   4.1099999081343412        25.980817638377353        4.1049999082460999       -33.681762498248887     
   4.1199999079108238        25.643336838582972        4.1149999080225825       -33.748080733766415     
   4.1299999076873064        25.305193519630574        4.1249999077990651       -33.814332651048915     
   4.1399999074637890        24.966388344039313        4.1349999075755477       -33.880518316414630     
   4.1499999072402716        24.626921973665823        4.1449999073520303       -33.946637796115468     
   4.1599999070167542        24.286795069704880        4.1549999071285129       -34.012691156337098     
   4.1699999067932367        23.946008292690067        4.1649999069049954       -34.078678463199005     
   4.1799999065697193        23.604562302494433        4.1749999066814780       -34.144599782754540     
   4.1899999063462019        23.262457758331156        4.1849999064579606       -34.210455180991005     
   4.1999999061226845        22.919695318754197        4.1949999062344432       -34.276244723829727     
   4.2099999058991671        22.576275641658963        4.2049999060109258       -34.341968477126102     
   4.2199999056756496        22.232199384282971        4.2149999057874084       -34.407626506669672     
   4.2299999054521322        21.887467203206494        4.2249999055638909       -34.473218878184184     
   4.2399999052286148        21.542079754353228        4.2349999053403735       -34.538745657327674     
   4.2499999050050974        21.196037692990945        4.2449999051168561       -34.604206909692508     
   4.2599999047815800        20.849341673732152        4.2549999048933387       -34.669602700805463     
   4.2699999045580626        20.501992350534735        4.2649999046698213       -34.734933096127790     
   4.2799999043345451        20.153990376702634        4.2749999044463038       -34.800198161055285     
   4.2899999041110277        19.805336404886475        4.2849999042227864       -34.865397960918337     
   4.2999999038875103        19.456031087084238        4.2949999039992690       -34.930532560982009     
   4.3099999036639929        19.106075074641904        4.3049999037757516       -34.995602026446107     
   4.3199999034404755        18.755469018254107        4.3149999035522342       -35.060606422445225     
   4.3299999032169580        18.404213567964792        4.3249999033287168       -35.125545814048827     
   4.3399999029934406        18.052309373167851        4.3349999031051993       -35.190420266261313     
   4.3499999027699232        17.699757082607789        4.3449999028816819       -35.255229844022068     
   4.3599999025464058        17.346557344380365        4.3549999026581645       -35.319974612205542     
   4.3699999023228884        16.992710805933239        4.3649999024346471       -35.384654635621317     
   4.3799999020993710        16.638218114066628        4.3749999022111297       -35.449269979014154     
   4.3899999018758535        16.283079914933946        4.3849999019876122       -35.513820707064085     
   4.3999999016523361        15.927296854042453        4.3949999017640948       -35.578306884386443     
   4.4099999014288187        15.570869576253903        4.4049999015405774       -35.642728575531962     
   4.4199999012053013        15.213798725785191        4.4149999013170600       -35.707085844986814     
   4.4299999009817839        14.856084946208989        4.4249999010935426       -35.771378757172691     
   4.4399999007582664        14.497728880454403        4.4349999008700252       -35.835607376446859     
   4.4499999005347490        14.138731170807604        4.4449999006465077       -35.899771767102237     
   4.4599999003112316        13.779092458912482        4.4549999004229903       -35.963871993367434     
   4.4699999000877142        13.418813385771278        4.4649999001994729       -36.027908119406845     
   4.4799998998641968        13.057894591745235        4.4749998999759555       -36.091880209320692     
   4.4899998996406794        12.696336716555233        4.4849998997524381       -36.155788327145103     
   4.4999998994171619        12.334140399282431        4.4949998995289207       -36.219632536852167     
   4.5099998991936445        11.971306278368905        4.5049998993054032       -36.283412902350001     
   4.5199998989701271        11.607834991618294        4.5149998990818858       -36.347129487482810     
   4.5299998987466097        11.243727176196428        4.5249998988583684       -36.410782356030964     
   4.5399998985230923        10.878983468631976        4.5349998986348510       -36.474371571711039     
   4.5499998982995749        10.513604504817073        4.5449998984113336       -36.537897198175912     
   4.5599998980760574        10.147590920007966        4.5549998981878161       -36.601359299014788     
   4.5699998978525400        9.7809433488256445        4.5649998979642987       -36.664757937753301     
   4.5799998976290226        9.4136624252564776        4.5749998977407813       -36.728093177853545     
   4.5899998974055052        9.0457487826528471        4.5849998975172639       -36.791365082714165     
   4.5999998971819878        8.6772030537337823        4.5949998972937465       -36.854573715670391     
   4.6099998969584703        8.3080258705855936        4.6049998970702291       -36.917719139994134     
   4.6199998967349529        7.9382178646625068        4.6149998968467116       -36.980801418894025     
   4.6299998965114355        7.5677796667872910        4.6249998966231942       -37.043820615515486     
   4.6399998962879181        7.1967119071518937        4.6349998963996768       -37.106776792940792     
   4.6499998960644007        6.8250152153180705        4.6449998961761594       -37.169670014189144     
   4.6599998958408833        6.4526902202180159        4.6549998959526420       -37.232500342216717     
   4.6699998956173658        6.0797375501549906        4.6649998957291245       -37.295267839916733     
   4.6799998953938484        5.7061578328039531        4.6749998955056071       -37.357972570119514     
   4.6899998951703310        5.3319516952121866        4.6849998952820897       -37.420614595592561     
   4.6999998949468136        4.9571197637999269        4.6949998950585723       -37.483193979040600     
   4.7099998947232962        4.5816626643609908        4.7049998948350549       -37.545710783105655     
   4.7199998944997787        4.2055810220633996        4.7149998946115375       -37.608165070367114     
   4.7299998942762613        3.8288754614500076        4.7249998943880200       -37.670556903341776     
   4.7399998940527439        3.4515466064391256        4.7349998941645026       -37.732886344483930     
   4.7499998938292265        3.0735950803251466        4.7449998939409852       -37.795153456185403     
   4.7599998936057091        2.6950215057791693        4.7549998937174678       -37.857358300775637     
   4.7699998933821917        2.3158265048496207        4.7649998934939504       -37.919500940521743     
   4.7799998931586742        1.9360106989628800        4.7749998932704329       -37.981581437628570     
   4.7899998929351568        1.5555747089238998        4.7849998930469155       -38.043599854238749     
   4.7999998927116394        1.1745191549168275        4.7949998928233981       -38.105556252432784     
   4.8099998924881220       0.79284465650562663        4.8049998925998807       -38.167450694229089     
   4.8199998922646046       0.41055183263469675        4.8149998923763633       -38.229283241584056     
   4.8299998920410872        2.7641301629493020E-002   4.8249998921528459       -38.291053956392126     
