   0.0000000000000000        100.00000000000000        0.0000000000000000        0.0000000000000000     
   9.9999997764825821E-003   99.999500000022351        4.9999998882412910E-003  -4.9999998882412910E-002
   1.9999999552965164E-002   99.998000050089402        1.4999999664723873E-002 -0.14999499664757399     
   2.9999999329447746E-002   99.995500250196145        2.4999999441206455E-002 -0.24997999491340558     
   3.9999999105930328E-002   99.992000700327566        3.4999999217689037E-002 -0.34995499467985758     
   4.9999998882412910E-002   99.987501500458663        4.4999998994171619E-002 -0.44991999694677987     
   5.9999998658895493E-002   99.982002750554429        5.4999998770654202E-002 -0.54987500271392231     
   6.9999998435378075E-002   99.975504550569866        6.4999998547136784E-002 -0.64982001298093484     
   7.9999998211860657E-002   99.968007000449973        7.4999998323619366E-002 -0.74975502874736755     
   8.9999997988343239E-002   99.959510200129770        8.4999998100101948E-002 -0.84968005101267030     
   9.9999997764825821E-002   99.950014249534263        9.4999997876584530E-002 -0.94959508077619326     
  0.10999999754130840        99.939519248578478       0.10499999765306711       -1.0495001190371864     
  0.11999999731779099        99.928025297167437       0.11499999742954969       -1.1493951667948001     
  0.12999999709427357        99.915532495196189       0.12499999720603228       -1.2492802250480848     
  0.13999999687075615        99.902040942549789       0.13499999698251486       -1.3491552947959906     
  0.14999999664723873        99.887550739103290       0.14499999675899744       -1.4490203770373680     
  0.15999999642372131        99.872061984721782       0.15499999653548002       -1.5488754727709677     
  0.16999999620020390        99.855574779260351       0.16499999631196260       -1.6487205829954403     
  0.17999999597668648        99.838089222564093       0.17499999608844519       -1.7485557087093371     
  0.18999999575316906        99.819605414468128       0.18499999586492777       -1.8483808509111086     
  0.19999999552965164        99.800123454797600       0.19499999564141035       -1.9481960105991063     
  0.20999999530613422        99.779643443367647       0.20499999541789293       -2.0480011887715812     
  0.21999999508261681        99.758165479983447       0.21499999519437551       -2.1477963864266854     
  0.22999999485909939        99.735689664440201       0.22499999497085810       -2.2475816045624697     
  0.23999999463558197        99.712216096523107       0.23499999474734068       -2.3473568441768866     
  0.24999999441206455        99.687744876007400       0.24499999452382326       -2.4471221062677881     
  0.25999999418854713        99.662276102658339       0.25499999430030584       -2.5468773918329268     
  0.26999999396502972        99.635809876231207       0.26499999407678843       -2.6466227018699549     
  0.27999999374151230        99.608346296471296       0.27499999385327101       -2.7463580373764249     
  0.28999999351799488        99.579885463113953       0.28499999362975359       -2.8460833993497903     
  0.29999999329447746        99.550427475884518       0.29499999340623617       -2.9457987887874042     
  0.30999999307096004        99.519972434498371       0.30499999318271875       -3.0455042066865201     
  0.31999999284744263        99.488520438660942       0.31499999295920134       -3.1451996540442919     
  0.32999999262392521        99.456071588067658       0.32499999273568392       -3.2448851318577736     
  0.33999999240040779        99.422625982403986       0.33499999251216650       -3.3445606411239193     
  0.34999999217689037        99.388183721345428       0.34499999228864908       -3.4442261828395839     
  0.35999999195337296        99.352744904557525       0.35499999206513166       -3.5438817580015227     
  0.36999999172985554        99.316309631695859       0.36499999184161425       -3.6435273676063908     
  0.37999999150633812        99.278878002406017       0.37499999161809683       -3.7431630126507440     
  0.38999999128282070        99.240450116323643       0.38499999139457941       -3.8427886941310381     
  0.39999999105930328        99.201026073074402       0.39499999117106199       -3.9424044130436293     
  0.40999999083578587        99.160605972274013       0.40499999094754457       -4.0420101703847751     
  0.41999999061226845        99.119189913528231       0.41499999072402716       -4.1416059671506318     
  0.42999999038875103        99.076777996432838       0.42499999050050974       -4.2411918043372570     
  0.43999999016523361        99.033370320573667       0.43499999027699232       -4.3407676829406086     
  0.44999998994171619        98.988966985526588       0.44499999005347490       -4.4403336039565451     
  0.45999998971819878        98.943568090857525       0.45499998982995749       -4.5398895683808247     
  0.46999998949468136        98.897173736122426       0.46499998960644007       -4.6394355772091069     
  0.47999998927116394        98.849784020867304       0.47499998938292265       -4.7389716314369519     
  0.48999998904764652        98.801399044628198       0.48499998915940523       -4.8384977320598193     
  0.49999998882412910        98.752018906931198       0.49499998893588781       -4.9380138800730693     
  0.50999998860061169        98.701643707292448       0.50499998871237040       -5.0375200764719628     
  0.51999998837709427        98.650273545218141       0.51499998848885298       -5.1370163222516609     
  0.52999998815357685        98.597908520204513       0.52499998826533556       -5.2365026184072256     
  0.53999998793005943        98.544548731737862       0.53499998804181814       -5.3359789659336201     
  0.54999998770654202        98.490194279294528       0.54499998781830072       -5.4354453658257063     
  0.55999998748302460        98.434845262340886       0.55499998759478331       -5.5349018190782475     
  0.56999998725950718        98.378501780333409       0.56499998737126589       -5.6343483266859087     
  0.57999998703598976        98.321163932718576       0.57499998714774847       -5.7337848896432533     
  0.58999998681247234        98.262831818932952       0.58499998692423105       -5.8332115089447472     
  0.59999998658895493        98.203505538403149       0.59499998670071363       -5.9326281855847549     
  0.60999998636543751        98.143185190545836       0.60499998647719622       -6.0320349205575434     
  0.61999998614192009        98.081870874767745       0.61499998625367880       -6.1314317148572792     
  0.62999998591840267        98.019562690465662       0.62499998603016138       -6.2308185694780294     
  0.63999998569488525        97.956260737026440       0.63499998580664396       -6.3301954854137614     
  0.64999998547136784        97.891965113826970       0.64499998558312654       -6.4295624636583444     
  0.65999998524785042        97.826675920234237       0.65499998535960913       -6.5289195052055469     
  0.66999998502433300        97.760393255605280       0.66499998513609171       -6.6282666110490389     
  0.67999998480081558        97.693117219287188       0.67499998491257429       -6.7276037821823902     
  0.68999998457729816        97.624847910617135       0.68499998468905687       -6.8269310195990727     
  0.69999998435378075        97.555585428922342       0.69499998446553946       -6.9262483242924571     
  0.70999998413026333        97.485329873520115       0.70499998424202204       -7.0255556972558164     
  0.71999998390674591        97.414081343717825       0.71499998401850462       -7.1248531394823233     
  0.72999998368322849        97.341839938812896       0.72499998379498720       -7.2241406519650511     
  0.73999998345971107        97.268605758092832       0.73499998357146978       -7.3234182356969750     
  0.74999998323619366        97.194378900835218       0.74499998334795237       -7.4226858916709695     
  0.75999998301267624        97.119159466307707       0.75499998312443495       -7.5219436208798101     
  0.76999998278915882        97.042947553768016       0.76499998290091753       -7.6211914243161738     
  0.77999998256564140        96.965743262463945       0.77499998267740011       -7.7204293029726374     
  0.78999998234212399        96.887546691633361       0.78499998245388269       -7.8196572578416790     
  0.79999998211860657        96.808357940504209       0.79499998223036528       -7.9188752899156771     
  0.80999998189508915        96.728177108294517       0.80499998200684786       -8.0180834001869119     
  0.81999998167157173        96.647004294212394       0.81499998178333044       -8.1172815896475630     
  0.82999998144805431        96.564839597456015       0.82499998155981302       -8.2164698592897114     
  0.83999998122453690        96.481683117213649       0.83499998133629560       -8.3156482101053388     
  0.84999998100101948        96.397534952663648       0.84499998111277819       -8.4148166430863274     
  0.85999998077750206        96.312395202974429       0.85499998088926077       -8.5139751592244615     
  0.86999998055398464        96.226263967304504       0.86499998066574335       -8.6131237595114261     
  0.87999998033046722        96.139141344802454       0.87499998044222593       -8.7122624449388049     
  0.88999998010694981        96.051027434606979       0.88499998021870852       -8.8113912164980839     
  0.89999997988343239        95.961922335846822       0.89499997999519110       -8.9105100751806496     
  0.90999997965991497        95.871826147640846       0.90499997977167368       -9.0096190219777910     
  0.91999997943639755        95.780738969097996       0.91499997954815626       -9.1087180578806954     
  0.92999997921288013        95.688660899317298       0.92499997932463884       -9.2078071838804529     
  0.93999997898936272        95.595592037387874       0.93499997910112143       -9.3068864009680521     
  0.94999997876584530        95.501532482388924       0.94499997887760401       -9.4059557101343856     
  0.95999997854232788        95.406482333389761       0.95499997865408659       -9.5050151123702467     
  0.96999997831881046        95.310441689449775       0.96499997843056917       -9.6040646086663255     
  0.97999997809529305        95.213410649618453       0.97499997820705175       -9.7031042000132182     
  0.98999997787177563        95.115389312935392       0.98499997798353434       -9.8021338874014194     
  0.99999997764825821        95.016377778430254       0.99499997776001692       -9.9011536718213247     
   1.0099999774247408        94.916376145122825        1.0049999775364995       -10.000163554263230     
   1.0199999772012234        94.815384512022987        1.0149999773129821       -10.099163535717333     
   1.0299999769777060        94.713402978130716        1.0249999770894647       -10.198153617173734     
   1.0399999767541885        94.610431642436083        1.0349999768659472       -10.297133799622431     
   1.0499999765306711        94.506470603919254        1.0449999766424298       -10.396104084053327     
   1.0599999763071537        94.401519961550520        1.0549999764189124       -10.495064471456223     
   1.0699999760836363        94.295579814290264        1.0649999761953950       -10.594014962820820     
   1.0799999758601189        94.188650261088952        1.0749999759718776       -10.692955559136722     
   1.0899999756366014        94.080731400887188        1.0849999757483602       -10.791886261393435     
   1.0999999754130840        93.971823332615671        1.0949999755248427       -10.890807070580365     
   1.1099999751895666        93.861926155195192        1.1049999753013253       -10.989717987686818     
   1.1199999749660492        93.751039967536670        1.1149999750778079       -11.088619013702003     
   1.1299999747425318        93.639164868541130        1.1249999748542905       -11.187510149615028     
   1.1399999745190144        93.526300957099693        1.1349999746307731       -11.286391396414905     
   1.1499999742954969        93.412448332093589        1.1449999744072556       -11.385262755090542     
   1.1599999740719795        93.297607092394188        1.1549999741837382       -11.484124226630755     
   1.1699999738484621        93.181777336862936        1.1649999739602208       -11.582975812024255     
   1.1799999736249447        93.064959164351436        1.1749999737367034       -11.681817512259659     
   1.1899999734014273        92.947152673701368        1.1849999735131860       -11.780649328325481     
   1.1999999731779099        92.828357963744537        1.1949999732896686       -11.879471261210139     
   1.2099999729543924        92.708575133302872        1.2049999730661511       -11.978283311901949     
   1.2199999727308750        92.587804281188426        1.2149999728426337       -12.077085481389132     
   1.2299999725073576        92.466045506203344        1.2249999726191163       -12.175877770659808     
   1.2399999722838402        92.343298907139925        1.2349999723955989       -12.274660180701998     
   1.2499999720603228        92.219564582780563        1.2449999721720815       -12.373432712503625     
   1.2599999718368053        92.094842631897791        1.2549999719485641       -12.472195367052514     
   1.2699999716132879        91.969133153254248        1.2649999717250466       -12.570948145336390     
   1.2799999713897705        91.842436245602713        1.2749999715015292       -12.669691048342878     
   1.2899999711662531        91.714752007686087        1.2849999712780118       -12.768424077059509     
   1.2999999709427357        91.586080538237383        1.2949999710544944       -12.867147232473707     
   1.3099999707192183        91.456421935979748        1.3049999708309770       -12.965860515572807     
   1.3199999704957008        91.325776299626469        1.3149999706074595       -13.064563927344038     
   1.3299999702721834        91.194143727880942        1.3249999703839421       -13.163257468774532     
   1.3399999700486660        91.061524319436700        1.3349999701604247       -13.261941140851324     
   1.3499999698251486        90.927918172977414        1.3449999699369073       -13.360614944561350     
   1.3599999696016312        90.793325387176878        1.3549999697133899       -13.459278880891446     
   1.3699999693781137        90.657746060699026        1.3649999694898725       -13.557932950828350     
   1.3799999691545963        90.521180292197926        1.3749999692663550       -13.656577155358702     
   1.3899999689310789        90.383628180317771        1.3849999690428376       -13.755211495469043     
   1.3999999687075615        90.245089823692894        1.3949999688193202       -13.853835972145813     
   1.4099999684840441        90.105565320947761        1.4049999685958028       -13.952450586375356     
   1.4199999682605267        89.965054770696980        1.4149999683722854       -14.051055339143916     
   1.4299999680370092        89.823558271545295        1.4249999681487679       -14.149650231437640     
   1.4399999678134918        89.681075922087601        1.4349999679252505       -14.248235264242576     
   1.4499999675899744        89.537607820908917        1.4449999677017331       -14.346810438544672     
   1.4599999673664570        89.393154066584415        1.4549999674782157       -14.445375755329779     
   1.4699999671429396        89.247714757679404        1.4649999672546983       -14.543931215583648     
   1.4799999669194221        89.101289992749329        1.4749999670311809       -14.642476820291931     
   1.4899999666959047        88.953879870339804        1.4849999668076634       -14.741012570440184     
   1.4999999664723873        88.805484488986565        1.4949999665841460       -14.839538467013863     
   1.5099999662488699        88.656103947215499        1.5049999663606286       -14.938054510998326     
   1.5199999660253525        88.505738343542646        1.5149999661371112       -15.036560703378830     
   1.5299999658018351        88.354387776474184        1.5249999659135938       -15.135057045140536     
   1.5399999655783176        88.202052344506455        1.5349999656900764       -15.233543537268508     
   1.5499999653548002        88.048732146125957        1.5449999654665589       -15.332020180747707     
   1.5599999651312828        87.894427279809307        1.5549999652430415       -15.430486976562998     
   1.5699999649077654        87.739137844023304        1.5649999650195241       -15.528943925699147     
   1.5799999646842480        87.582863937224886        1.5749999647960067       -15.627391029140822     
   1.5899999644607306        87.425605657861155        1.5849999645724893       -15.725828287872593     
   1.5999999642372131        87.267363104369366        1.5949999643489718       -15.824255702878931     
   1.6099999640136957        87.108136375176912        1.6049999641254544       -15.922673275144209     
   1.6199999637901783        86.947925568701379        1.6149999639019370       -16.021081005652700     
   1.6299999635666609        86.786730783350478        1.6249999636784196       -16.119478895388582     
   1.6399999633431435        86.624552117522100        1.6349999634549022       -16.217866945335928     
   1.6499999631196260        86.461389669604273        1.6449999632313848       -16.316245156478718     
   1.6599999628961086        86.297243537975220        1.6549999630078673       -16.414613529800835     
   1.6699999626725912        86.132113821003301        1.6649999627843499       -16.512972066286061     
   1.6799999624490738        85.966000617047044        1.6749999625608325       -16.611320766918077     
   1.6899999622255564        85.798904024455140        1.6849999623373151       -16.709659632680470     
   1.6999999620020390        85.630824141566450        1.6949999621137977       -16.807988664556724     
   1.7099999617785215        85.461761066709997        1.7049999618902802       -16.906307863530230     
   1.7199999615550041        85.291714898204987        1.7149999616667628       -17.004617230584280     
   1.7299999613314867        85.120685734360762        1.7249999614432454       -17.102916766702066     
   1.7399999611079693        84.948673673476861        1.7349999612197280       -17.201206472866676     
   1.7499999608844519        84.775678813842987        1.7449999609962106       -17.299486350061112     
   1.7599999606609344        84.601701253739009        1.7549999607726932       -17.397756399268268     
   1.7699999604374170        84.426741091434963        1.7649999605491757       -17.496016621470940     
   1.7799999602138996        84.250798425191064        1.7749999603256583       -17.594267017651831     
   1.7899999599903822        84.073873353257710        1.7849999601021409       -17.692507588793543     
   1.7999999597668648        83.895965973875462        1.7949999598786235       -17.790738335878579     
   1.8099999595433474        83.717076385275064        1.8049999596551061       -17.888959259889347     
   1.8199999593198299        83.537204685677423        1.8149999594315886       -17.987170361808154     
   1.8299999590963125        83.356350973293644        1.8249999592080712       -18.085371642617208     
   1.8399999588727951        83.174515346324995        1.8349999589845538       -18.183563103298621     
   1.8499999586492777        82.991697902962940        1.8449999587610364       -18.281744744834402     
   1.8599999584257603        82.807898741389110        1.8549999585375190       -18.379916568206472     
   1.8699999582022429        82.623117959775314        1.8649999583140016       -18.478078574396640     
   1.8799999579787254        82.437355656283557        1.8749999580904841       -18.576230764386629     
   1.8899999577552080        82.250611929066025        1.8849999578669667       -18.674373139158060     
   1.8999999575316906        82.062886876265082        1.8949999576434493       -18.772505699692452     
   1.9099999573081732        81.874180596013289        1.9049999574199319       -18.870628446971228     
   1.9199999570846558        81.684493186433372        1.9149999571964145       -18.968741381975715     
   1.9299999568611383        81.493824745638278        1.9249999569728971       -19.066844505687140     
   1.9399999566376209        81.302175371731110        1.9349999567493796       -19.164937819086632     
   1.9499999564141035        81.109545162805176        1.9449999565258622       -19.263021323155222     
   1.9599999561905861        80.915934216943981        1.9549999563023448       -19.361095018873844     
   1.9699999559670687        80.721342632221209        1.9649999560788274       -19.459158907223333     
   1.9799999557435513        80.525770506700738        1.9749999558553100       -19.557212989184425     
   1.9899999555200338        80.329217938436656        1.9849999556317925       -19.655257265737760     
   1.9999999552965164        80.131685025473217        1.9949999554082751       -19.753291737863876     
   2.0099999550729990        79.933171865844898        2.0049999551847577       -19.851316406543219     
   2.0199999548494816        79.733678557576354        2.0149999549612403       -19.949331272756133     
   2.0299999546259642        79.533205198682452        2.0249999547377229       -20.047336337482864     
   2.0399999544024467        79.331751887168252        2.0349999545142055       -20.145331601703560     
   2.0499999541789293        79.129318721029009        2.0449999542906880       -20.243317066398273     
   2.0599999539554119        78.925905798250170        2.0549999540671706       -20.341292732546954     
   2.0699999537318945        78.721513216807409        2.0649999538436532       -20.439258601129456     
   2.0799999535083771        78.516141074666578        2.0749999536201358       -20.537214673125540     
   2.0899999532848597        78.309789469783752        2.0849999533966184       -20.635160949514862     
   2.0999999530613422        78.102458500105186        2.0949999531731009       -20.733097431276985     
   2.1099999528378248        77.894148263567374        2.1049999529495835       -20.831024119391365     
   2.1199999526143074        77.684858858096987        2.1149999527260661       -20.928941014837374     
   2.1299999523907900        77.474590381610909        2.1249999525025487       -21.026848118594277     
   2.1399999521672726        77.263342932016243        2.1349999522790313       -21.124745431641241     
   2.1499999519437551        77.051116607210304        2.1449999520555139       -21.222632954957337     
   2.1599999517202377        76.837911505080598        2.1549999518319964       -21.320510689521541     
   2.1699999514967203        76.623727723504857        2.1649999516084790       -21.418378636312724     
   2.1799999512732029        76.408565360351020        2.1749999513849616       -21.516236796309666     
   2.1899999510496855        76.192424513477235        2.1849999511614442       -21.614085170491045     
   2.1999999508261681        75.975305280731874        2.1949999509379268       -21.711923759835443     
   2.2099999506026506        75.757207759953516        2.2049999507144094       -21.809752565321347     
   2.2199999503791332        75.538132048970965        2.2149999504908919       -21.907571587927137     
   2.2299999501556158        75.318078245603246        2.2249999502673745       -22.005380828631104     
   2.2399999499320984        75.097046447659579        2.2349999500438571       -22.103180288411437     
   2.2499999497085810        74.875036752939423        2.2449999498203397       -22.200969968246230     
   2.2599999494850636        74.652049259232442        2.2549999495968223       -22.298749869113479     
   2.2699999492615461        74.428084064318540        2.2649999493733048       -22.396519991991077     
   2.2799999490380287        74.203141265967830        2.2749999491497874       -22.494280337856825     
   2.2899999488145113        73.977220961940660        2.2849999489262700       -22.592030907688422     
   2.2999999485909939        73.750323249987588        2.2949999487027526       -22.689771702463474     
   2.3099999483674765        73.522448227849395        2.3049999484792352       -22.787502723159484     
   2.3199999481439590        73.293595993257100        2.3149999482557178       -22.885223970753863     
   2.3299999479204416        73.063766643931942        2.3249999480322003       -22.982935446223919     
   2.3399999476969242        72.832960277585400        2.3349999478086829       -23.080637150546863     
   2.3499999474734068        72.601176991919161        2.3449999475851655       -23.178329084699811     
   2.3599999472498894        72.368416884625162        2.3549999473616481       -23.276011249659781     
   2.3699999470263720        72.134680053385551        2.3649999471381307       -23.373683646403695     
   2.3799999468028545        71.899966595872726        2.3749999469146132       -23.471346275908370     
   2.3899999465793371        71.664276609749308        2.3849999466910958       -23.568999139150531     
   2.3999999463558197        71.427610192668141        2.3949999464675784       -23.666642237106803     
   2.4099999461323023        71.189967442272334        2.4049999462440610       -23.764275570753718     
   2.4199999459087849        70.951348456195205        2.4149999460205436       -23.861899141067703     
   2.4299999456852674        70.711753332060326        2.4249999457970262       -23.959512949025093     
   2.4399999454617500        70.471182167481487        2.4349999455735087       -24.057116995602122     
   2.4499999452382326        70.229635060062733        2.4449999453499913       -24.154711281774933     
   2.4599999450147152        69.987112107398346        2.4549999451264739       -24.252295808519563     
   2.4699999447911978        69.743613407072843        2.4649999449029565       -24.349870576811952     
   2.4799999445676804        69.499139056660994        2.4749999446794391       -24.447435587627950     
   2.4899999443441629        69.253689153727791        2.4849999444559216       -24.544990841943303     
   2.4999999441206455        69.007263795828493        2.4949999442324042       -24.642536340733660     
   2.5099999438971281        68.759863080508580        2.5049999440088868       -24.740072084974575     
   2.5199999436736107        68.511487105303800        2.5149999437853694       -24.837598075641498     
   2.5299999434500933        68.262135967740136        2.5249999435618520       -24.935114313709793     
   2.5399999432265759        68.011809765333822        2.5349999433383346       -25.032620800154717     
   2.5499999430030584        67.760508595591332        2.5449999431148171       -25.130117535951431     
   2.5599999427795410        67.508232556009389        2.5549999428912997       -25.227604522075001     
   2.5699999425560236        67.254981744074982        2.5649999426677823       -25.325081759500396     
   2.5799999423325062        67.000756257265337        2.5749999424442649       -25.422549249202483     
   2.5899999421089888        66.745556193047946        2.5849999422207475       -25.520006992156034     
   2.5999999418854713        66.489381648880538        2.5949999419972301       -25.617454989335727     
   2.6099999416619539        66.232232722211108        2.6049999417737126       -25.714893241716137     
   2.6199999414384365        65.974109510477888        2.6149999415501952       -25.812321750271746     
   2.6299999412149191        65.715012111109402        2.6249999413266778       -25.909740515976935     
   2.6399999409914017        65.454940621524386        2.6349999411031604       -26.007149539805990     
   2.6499999407678843        65.193895139131882        2.6449999408796430       -26.104548822733097     
   2.6599999405443668        64.931875761331142        2.6549999406561255       -26.201938365732346     
   2.6699999403208494        64.668882585511724        2.6649999404326081       -26.299318169777731     
   2.6799999400973320        64.404915709053412        2.6749999402090907       -26.396688235843147     
   2.6899999398738146        64.139975229326268        2.6849999399855733       -26.494048564902389     
   2.6999999396502972        63.874061243690619        2.6949999397620559       -26.591399157929164     
   2.7099999394267797        63.607173849497045        2.7049999395385385       -26.688740015897071     
   2.7199999392032623        63.339313144086404        2.7149999393150210       -26.786071139779615     
   2.7299999389797449        63.070479224789807        2.7249999390915036       -26.883392530550207     
   2.7399999387562275        62.800672188928644        2.7349999388679862       -26.980704189182156     
   2.7499999385327101        62.529892133814563        2.7449999386444688       -27.078006116648677     
   2.7599999383091927        62.258139156749486        2.7549999384209514       -27.175298313922887     
   2.7699999380856752        61.985413355025607        2.7649999381974339       -27.272580781977805     
   2.7799999378621578        61.711714825925384        2.7749999379739165       -27.369853521786350     
   2.7899999376386404        61.437043666721550        2.7849999377503991       -27.467116534321349     
   2.7999999374151230        61.161399974677110        2.7949999375268817       -27.564369820555530     
   2.8099999371916056        60.884783847045348        2.8049999373033643       -27.661613381461525     
   2.8199999369680882        60.607195381069815        2.8149999370798469       -27.758847218011862     
   2.8299999367445707        60.328634673984340        2.8249999368563294       -27.856071331178978     
   2.8399999365210533        60.049101823013032        2.8349999366328120       -27.953285721935213     
   2.8499999362975359        59.768596925370275        2.8449999364092946       -28.050490391252808     
   2.8599999360740185        59.487120078260737        2.8549999361857772       -28.147685340103905     
   2.8699999358505011        59.204671378879354        2.8649999359622598       -28.244870569460552     
   2.8799999356269836        58.921250924411346        2.8749999357387424       -28.342046080294697     
   2.8899999354034662        58.636858812032223        2.8849999355152249       -28.439211873578191     
   2.8999999351799488        58.351495138907772        2.8949999352917075       -28.536367950282791     
   2.9099999349564314        58.065160002194062        2.9049999350681901       -28.633514311380157     
   2.9199999347329140        57.777853499037448        2.9149999348446727       -28.730650957841846     
   2.9299999345093966        57.489575726574564        2.9249999346211553       -28.827777890639322     
   2.9399999342858791        57.200326781932340        2.9349999343976378       -28.924895110743954     
   2.9499999340623617        56.910106762227990        2.9449999341741204       -29.022002619127008     
   2.9599999338388443        56.618915764569017        2.9549999339506030       -29.119100416759661     
   2.9699999336153269        56.326753886053211        2.9649999337270856       -29.216188504612983     
   2.9799999333918095        56.033621223768655        2.9749999335035682       -29.313266883657953     
   2.9899999331682920        55.739517874793719        2.9849999332800508       -29.410335554865455     
   2.9999999329447746        55.444443936197075        2.9949999330565333       -29.507394519206269     
   3.0099999327212572        55.148399505037673        3.0049999328330159       -29.604443777651081     
   3.0199999324977398        54.851384678364767        3.0149999326094985       -29.701483331170483     
   3.0299999322742224        54.553399553217901        3.0249999323859811       -29.798513180734968     
   3.0399999320507050        54.254444226626923        3.0349999321624637       -29.895533327314929     
   3.0499999318271875        53.954518795611975        3.0449999319389462       -29.992543771880666     
   3.0599999316036701        53.653623357183491        3.0549999317154288       -30.089544515402380     
   3.0699999313801527        53.351758008342209        3.0649999314919114       -30.186535558850178     
   3.0799999311566353        53.048922846079165        3.0749999312683940       -30.283516903194062     
   3.0899999309331179        52.745117967375691        3.0849999310448766       -30.380488549403946     
   3.0999999307096004        52.440343469203434        3.0949999308213592       -30.477450498449642     
   3.1099999304860830        52.134599448524334        3.1049999305978417       -30.574402751300866     
   3.1199999302625656        51.827886002290640        3.1149999303743243       -30.671345308927240     
   3.1299999300390482        51.520203227444902        3.1249999301508069       -30.768278172298285     
   3.1399999298155308        51.211551220919979        3.1349999299272895       -30.865201342383425     
   3.1499999295920134        50.901930079639030        3.1449999297037721       -30.962114820151992     
   3.1599999293684959        50.591339900515528        3.1549999294802547       -31.059018606573215     
   3.1699999291449785        50.279780780453258        3.1649999292567372       -31.155912702616227     
   3.1799999289214611        49.967252816346303        3.1749999290332198       -31.252797109250068     
   3.1899999286979437        49.653756105079061        3.1849999288097024       -31.349671827443679     
   3.1999999284744263        49.339290743526249        3.1949999285861850       -31.446536858165903     
   3.2099999282509089        49.023856828552894        3.2049999283626676       -31.543392202385490     
   3.2199999280273914        48.707454457014329        3.2149999281391501       -31.640237861071089     
   3.2299999278038740        48.390083725756206        3.2249999279156327       -31.737073835191250     
   3.2399999275803566        48.071744731614494        3.2349999276921153       -31.833900125714433     
   3.2499999273568392        47.752437571415477        3.2449999274685979       -31.930716733608996     
   3.2599999271333218        47.432162341975754        3.2549999272450805       -32.027523659843204     
   3.2699999269098043        47.110919140102247        3.2649999270215631       -32.124320905385218     
   3.2799999266862869        46.788708062592193        3.2749999267980456       -32.221108471203110     
   3.2899999264627695        46.465529206233157        3.2849999265745282       -32.317886358264857     
   3.2999999262392521        46.141382667803015        3.2949999263510108       -32.414654567538328     
   3.3099999260157347        45.816268544069970        3.3049999261274934       -32.511413099991302     
   3.3199999257922173        45.490186931792550        3.3149999259039760       -32.608161956591466     
   3.3299999255686998        45.163137927719603        3.3249999256804585       -32.704901138306404     
   3.3399999253451824        44.835121628590301        3.3349999254569411       -32.801630646103604     
   3.3499999251216650        44.506138131134151        3.3449999252334237       -32.898350480950455     
   3.3599999248981476        44.176187532070976        3.3549999250099063       -32.995060643814256     
   3.3699999246746302        43.845269928110937        3.3649999247863889       -33.091761135662196     
   3.3799999244511127        43.513385415954524        3.3749999245628715       -33.188451957461389     
   3.3899999242275953        43.180534092292540        3.3849999243393540       -33.285133110178833     
   3.3999999240040779        42.846716053806141        3.3949999241158366       -33.381804594781435     
   3.4099999237805605        42.511931397166798        3.4049999238923192       -33.478466412236010     
   3.4199999235570431        42.176180219036326        3.4149999236688018       -33.575118563509271     
   3.4299999233335257        41.839462616066875        3.4249999234452844       -33.671761049567841     
   3.4399999231100082        41.501778684900920        3.4349999232217669       -33.768393871378237     
   3.4499999228864908        41.163128522171270        3.4449999229982495       -33.865017029906880     
   3.4599999226629734        40.823512224501087        3.4549999227747321       -33.961630526120103     
   3.4699999224394560        40.482929888503854        3.4649999225512147       -34.058234360984137     
   3.4799999222159386        40.141381610783405        3.4749999223276973       -34.154828535465114     
   3.4899999219924212        39.798867487933904        3.4849999221041799       -34.251413050529081     
   3.4999999217689037        39.455387616539859        3.4949999218806624       -34.347987907141970     
   3.5099999215453863        39.110942093176121        3.5049999216571450       -34.444553106269630     
   3.5199999213218689        38.765531014407884        3.5149999214336276       -34.541108648877810     
   3.5299999210983515        38.419154476790681        3.5249999212101102       -34.637654535932157     
   3.5399999208748341        38.071812576870393        3.5349999209865928       -34.734190768398228     
   3.5499999206513166        37.723505411183247        3.5449999207630754       -34.830717347241489     
   3.5599999204277992        37.374233076255820        3.5549999205395579       -34.927234273427295     
   3.5699999202042818        37.023995668605025        3.5649999203160405       -35.023741547920913     
   3.5799999199807644        36.672793284738134        3.5749999200925231       -35.120239171687516     
   3.5899999197572470        36.320626021152762        3.5849999198690057       -35.216727145692175     
   3.5999999195337296        35.967493974336882        3.5949999196454883       -35.313205470899860     
   3.6099999193102121        35.613397240768805        3.6049999194219708       -35.409674148275457     
   3.6199999190866947        35.258335916917204        3.6149999191984534       -35.506133178783749     
   3.6299999188631773        34.902310099241106        3.6249999189749360       -35.602582563389419     
   3.6399999186396599        34.545319884189887        3.6349999187514186       -35.699022303057063     
   3.6499999184161425        34.187365368203281        3.6449999185279012       -35.795452398751173     
   3.6599999181926250        33.828446647711381        3.6549999183043838       -35.891872851436140     
   3.6699999179691076        33.468563819134630        3.6649999180808663       -35.988283662076270     
   3.6799999177455902        33.107716978883829        3.6749999178573489       -36.084684831635769     
   3.6899999175220728        32.745906223360144        3.6849999176338315       -36.181076361078745     
   3.6999999172985554        32.383131648955093        3.6949999174103141       -36.277458251369204     
   3.7099999170750380        32.019393352050564        3.7049999171867967       -36.373830503471069     
   3.7199999168515205        31.654691429018804        3.7149999169632792       -36.470193118348149     
   3.7299999166280031        31.289025976222423        3.7249999167397618       -36.566546096964174     
   3.7399999164044857        30.922397090014389        3.7349999165162444       -36.662889440282768     
   3.7499999161809683        30.554804866738042        3.7449999162927270       -36.759223149267463     
   3.7599999159574509        30.186249402727082        3.7549999160692096       -36.855547224881690     
   3.7699999157339334        29.816730794305577        3.7649999158456922       -36.951861668088782     
   3.7799999155104160        29.446249137787969        3.7749999156221747       -37.048166479851986     
   3.7899999152868986        29.074804529479060        3.7849999153986573       -37.144461661134443     
   3.7999999150633812        28.702397065674024        3.7949999151751399       -37.240747212899201     
   3.8099999148398638        28.329026842658408        3.8049999149516225       -37.337023136109217     
   3.8199999146163464        27.954693956708127        3.8149999147281051       -37.433289431727339     
   3.8299999143928289        27.579398504089472        3.8249999145045877       -37.529546100716331     
   3.8399999141693115        27.203140581059102        3.8349999142810702       -37.625793144038859     
   3.8499999139457941        26.825920283864058        3.8449999140575528       -37.722030562657480     
   3.8599999137222767        26.447737708741752        3.8549999138340354       -37.818258357534674     
   3.8699999134987593        26.068592951919971        3.8649999136105180       -37.914476529632807     
   3.8799999132752419        25.688486109616878        3.8749999133870006       -38.010685079914161     
   3.8899999130517244        25.307417278041022        3.8849999131634831       -38.106884009340916     
   3.8999999128282070        24.925386553391323        3.8949999129399657       -38.203073318875163     
   3.9099999126046896        24.542394031857086        3.9049999127164483       -38.299253009478882     
   3.9199999123811722        24.158439809617992        3.9149999124929309       -38.395423082113972     
   3.9299999121576548        23.773523982844107        3.9249999122694135       -38.491583537742230     
   3.9399999119341373        23.387646647695885        3.9349999120458961       -38.587734377325354     
   3.9499999117106199        23.000807900324155        3.9449999118223786       -38.683875601824951     
   3.9599999114871025        22.613007836870135        3.9549999115988612       -38.780007212202527     
   3.9699999112635851        22.224246553465434        3.9649999113753438       -38.876129209419496     
   3.9799999110400677        21.834524146232038        3.9749999111518264       -38.972241594437172     
   3.9899999108165503        21.443840711282327        3.9849999109283090       -39.068344368216771     
   3.9999999105930328        21.052196344719068        3.9949999107047915       -39.164437531719422     
   4.0099999103695154        20.659591142635417        4.0049999104812741       -39.260521085906156     
   4.0199999101459980        20.266025201114921        4.0149999102577567       -39.356595031737896     
   4.0299999099224806        19.871498616231523        4.0249999100342393       -39.452659370175489     
   4.0399999096989632        19.476011484049554        4.0349999098107219       -39.548714102179666     
   4.0499999094754457        19.079563900623736        4.0449999095872045       -39.644759228711074     
   4.0599999092519283        18.682155961999193        4.0549999093636870       -39.740794750730252     
   4.0699999090284109        18.283787764211439        4.0649999091401696       -39.836820669197664     
   4.0799999088048935        17.884459403286389        4.0749999089166522       -39.932836985073656     
   4.0899999085813761        17.484170975240346        4.0849999086931348       -40.028843699318486     
   4.0999999083578587        17.082922576080023        4.0949999084696174       -40.124840812892323     
   4.1099999081343412        16.680714301802524        4.1049999082460999       -40.220828326755232     
   4.1199999079108238        16.277546248395360        4.1149999080225825       -40.316806241867184     
   4.1299999076873064        15.873418511836439        4.1249999077990651       -40.412774559188051     
   4.1399999074637890        15.468331188094071        4.1349999075755477       -40.508733279677614     
   4.1499999072402716        15.062284373126969        4.1449999073520303       -40.604682404295559     
   4.1599999070167542        14.655278162884253        4.1549999071285129       -40.700621934001475     
   4.1699999067932367        14.247312653305444        4.1649999069049954       -40.796551869754850     
   4.1799999065697193        13.838387940320473        4.1749999066814780       -40.892472212515074     
   4.1899999063462019        13.428504119849675        4.1849999064579606       -40.988382963241449     
   4.1999999061226845        13.017661287803797        4.1949999062344432       -41.084284122893180     
   4.2099999058991671        12.605859540083991        4.2049999060109258       -41.180175692429380     
   4.2199999056756496        12.193098972581819        4.2149999057874084       -41.276057672809053     
   4.2299999054521322        11.779379681179254        4.2249999055638909       -41.371930064991119     
   4.2399999052286148        11.364701761748684        4.2349999053403735       -41.467792869934392     
   4.2499999050050974        10.949065310152907        4.2449999051168561       -41.563646088597601     
   4.2599999047815800        10.532470422245135        4.2549999048933387       -41.659489721939373     
   4.2699999045580626        10.114917193868994        4.2649999046698213       -41.755323770918238     
   4.2799999043345451        9.6964057208585288        4.2749999044463038       -41.851148236492634     
   4.2899999041110277        9.2769360990381973        4.2849999042227864       -41.946963119620897     
   4.2999999038875103        8.8565084242228753        4.2949999039992690       -42.042768421261279     
   4.3099999036639929        8.4351227922178591        4.3049999037757516       -42.138564142371926     
   4.3199999034404755        8.0127792988188631        4.3149999035522342       -42.234350283910892     
   4.3299999032169580        7.5894780398120227        4.3249999033287168       -42.330126846836130     
   4.3399999029934406        7.1652191109738936        4.3349999031051993       -42.425893832105501     
   4.3499999027699232        6.7400026080714559        4.3449999028816819       -42.521651240676775     
   4.3599999025464058        6.3138286268621107        4.3549999026581645       -42.617399073507620     
   4.3699999023228884        5.8866972630936845        4.3649999024346471       -42.713137331555608     
   4.3799999020993710        5.4586086125044293        4.3749999022111297       -42.808866015778221     
   4.3899999018758535        5.0295627708230226        4.3849999019876122       -42.904585127132840     
   4.3999999016523361        4.5995598337685699        4.3949999017640948       -43.000294666576750     
   4.4099999014288187        4.1685998970506040        4.4049999015405774       -43.095994635067143     
   4.4199999012053013        3.7366830563690865        4.4149999013170600       -43.191685033561114     
   4.4299999009817839        3.3038094074144100        4.4249999010935426       -43.287365863015665     
   4.4399999007582664        2.8699790458673973        4.4349999008700252       -43.383037124387698     
   4.4499999005347490        2.4351920673993037        4.4449999006465077       -43.478698818634022     
   4.4599999003112316        1.9994485676718168        4.4549999004229903       -43.574350946711348     
   4.4699999000877142        1.5627486423370580        4.4649999001994729       -43.669993509576294     
   4.4799998998641968        1.1250923870375840        4.4749998999759555       -43.765626508185385     
   4.4899998996406794       0.68647989740638693        4.4849998997524381       -43.861249943495039     
   4.4999998994171619       0.24691126906689570        4.4949998995289207       -43.956863816461592     
