   0.0000000000000000        100.00000000000000        0.0000000000000000        10.000000000000000     
   9.9999997764825821E-003   100.09944999778867        4.9999998882412910E-003   9.9450000011548401     
   1.9999999552965164E-002   100.19780054562499        1.4999999664723873E-002   9.8350550034629549     
   2.9999999329447746E-002   100.29505274295892        2.4999999441206455E-002   9.7252199507679435     
   3.9999999105930328E-002   100.39120768814094        3.4999999217689037E-002   9.6154947331248088     
   4.9999998882412910E-002   100.48626647842319        4.4999998994171619E-002   9.5058792406984995     
   5.9999998658895493E-002   100.58023020996058        5.4999998770654202E-002   9.3963733637638001     
   6.9999998435378075E-002   100.67309997781183        6.4999998547136784E-002   9.2869769927052186     
   7.9999998211860657E-002   100.76487687594063        7.4999998323619366E-002   9.1776900180168806     
   8.9999997988343239E-002   100.85556199721668        8.4999998100101948E-002   9.0685123303024167     
   9.9999997764825821E-002   100.94515643341684        9.4999997876584530E-002   8.9594438202748545     
  0.10999999754130840        101.03366127522617       0.10499999765306711        8.8504843787565068     
  0.11999999731779099        101.12107761223905       0.11499999742954969        8.7416338966788665     
  0.12999999709427357        101.20740653296028       0.12499999720603228        8.6328922650824929     
  0.13999999687075615        101.29264912480613       0.13499999698251486        8.5242593751169053     
  0.14999999664723873        101.37680647410548       0.14499999675899744        8.4157351180404731     
  0.15999999642372131        101.45987966610085       0.15499999653548002        8.3073193852203087     
  0.16999999620020390        101.54186978494954       0.16499999631196260        8.1990120681321574     
  0.17999999597668648        101.62277791372470       0.17499999608844519        8.0908130583602862     
  0.18999999575316906        101.70260513441640       0.18499999586492777        7.9827222475973816     
  0.19999999552965164        101.78135252793271       0.19499999564141035        7.8747395276444347     
  0.20999999530613422        101.85902117410079       0.20499999541789293        7.7668647904106356     
  0.21999999508261681        101.93561215166798       0.21499999519437551        7.6590979279132672     
  0.22999999485909939        102.01112653830288       0.22499999497085810        7.5514388322775927     
  0.23999999463558197        102.08556541059640       0.23499999474734068        7.4438873957367520     
  0.24999999441206455        102.15892984406290       0.24499999452382326        7.3364435106316508     
  0.25999999418854713        102.23122091314117       0.25499999430030584        7.2291070694108539     
  0.26999999396502972        102.30243969119562       0.26499999407678843        7.1218779646304782     
  0.27999999374151230        102.37258725051724       0.27499999385327101        7.0147560889540843     
  0.28999999351799488        102.44166466232477       0.28499999362975359        6.9077413351525685     
  0.29999999329447746        102.50967299676570       0.29499999340623617        6.8008335961040567     
  0.30999999307096004        102.57661332291741       0.30499999318271875        6.6940327647937972     
  0.31999999284744263        102.64248670878817       0.31499999295920134        6.5873387343140521     
  0.32999999262392521        102.70729422131825       0.32499999273568392        6.4807513978639921     
  0.33999999240040779        102.77103692638099       0.33499999251216650        6.3742706487495875     
  0.34999999217689037        102.83371588878384       0.34499999228864908        6.2678963803835037     
  0.35999999195337296        102.89533217226946       0.35499999206513166        6.1616284862849939     
  0.36999999172985554        102.95588683951677       0.36499999184161425        6.0554668600797905     
  0.37999999150633812        103.01538095214197       0.37499999161809683        5.9494113955000021     
  0.38999999128282070        103.07381557069969       0.38499999139457941        5.8434619863840025     
  0.39999999105930328        103.13119175468400       0.39499999117106199        5.7376185266763295     
  0.40999999083578587        103.18751056252945       0.40499999094754457        5.6318809104275758     
  0.41999999061226845        103.24277305161219       0.41499999072402716        5.5262490317942827     
  0.42999999038875103        103.29698027825096       0.42499999050050974        5.4207227850388362     
  0.43999999016523361        103.35013329770818       0.43499999027699232        5.3153020645293587     
  0.44999998994171619        103.40223316419106       0.44499999005347490        5.2099867647396056     
  0.45999998971819878        103.45328093085254       0.45499998982995749        5.1047767802488577     
  0.46999998949468136        103.50327764979245       0.46499998960644007        4.9996720057418162     
  0.47999998927116394        103.55222437205849       0.47499998938292265        4.8946723360084992     
  0.48999998904764652        103.60012214764733       0.48499998915940523        4.7897776659441327     
  0.49999998882412910        103.64697202550565       0.49499998893588781        4.6849878905490492     
  0.50999998860061169        103.69277505353115       0.50499998871237040        4.5803029049285806     
  0.51999998837709427        103.73753227857368       0.51499998848885298        4.4757226042929519     
  0.52999998815357685        103.78124474643620       0.52499998826533556        4.3712468839571796     
  0.53999998793005943        103.82391350187589       0.53499998804181814        4.2668756393409648     
  0.54999998770654202        103.86553958860516       0.54499998781830072        4.1626087659685886     
  0.55999998748302460        103.90612404929271       0.55499998759478331        4.0584461594688079     
  0.56999998725950718        103.94566792556459       0.56499998737126589        3.9543877155747511     
  0.57999998703598976        103.98417225800519       0.57499998714774847        3.8504333301238129     
  0.58999998681247234        104.02163808615833       0.58499998692423105        3.7465828990575512     
  0.59999998658895493        104.05806644852831       0.59499998670071363        3.6428363184215820     
  0.60999998636543751        104.09345838258089       0.60499998647719622        3.5391934843654758     
  0.61999998614192009        104.12781492474438       0.61499998625367880        3.4356542931426537     
  0.62999998591840267        104.16113711041068       0.62499998603016138        3.3322186411102828     
  0.63999998569488525        104.19342597393626       0.63499998580664396        3.2288864247291738     
  0.64999998547136784        104.22468254864326       0.64499998558312654        3.1256575405636760     
  0.65999998524785042        104.25490786682049       0.65499998535960913        3.0225318852815746     
  0.66999998502433300        104.28410295972446       0.66499998513609171        2.9195093556539868     
  0.67999998480081558        104.31226885758046       0.67499998491257429        2.8165898485552590     
  0.68999998457729816        104.33940658958352       0.68499998468905687        2.7137732609628631     
  0.69999998435378075        104.36551718389947       0.69499998446553946        2.6110594899572934     
  0.70999998413026333        104.39060166766600       0.70499998424202204        2.5084484327219640     
  0.71999998390674591        104.41466106699366       0.71499998401850462        2.4059399865431055     
  0.72999998368322849        104.43769640696688       0.72499998379498720        2.3035340488096621     
  0.73999998345971107        104.45970871164499       0.73499998357146978        2.2012305170131894     
  0.74999998323619366        104.48069900406330       0.74499998334795237        2.0990292887477509     
  0.75999998301267624        104.50066830623405       0.75499998312443495        1.9969302617098164     
  0.76999998278915882        104.51961763914748       0.76499998290091753        1.8949333336981591     
  0.77999998256564140        104.53754802277284       0.77499998267740011        1.7930384026137536     
  0.78999998234212399        104.55446047605942       0.78499998245388269        1.6912453664596732     
  0.79999998211860657        104.57035601693754       0.79499998223036528        1.5895541233409884     
  0.80999998189508915        104.58523566231960       0.80499998200684786        1.4879645714646648     
  0.81999998167157173        104.59910042810110       0.81499998178333044        1.3864766091394605     
  0.82999998144805431        104.61195132916161       0.82499998155981302        1.2850901347758252     
  0.83999998122453690        104.62378937936587       0.83499998133629560        1.1838050468857984     
  0.84999998100101948        104.63461559156472       0.84499998111277819        1.0826212440829068     
  0.85999998077750206        104.64443097759616       0.85499998088926077       0.98153862508206424     
  0.86999998055398464        104.65323654828633       0.86499998066574335       0.88055708869946936     
  0.87999998033046722        104.66103331345059       0.87499998044222593       0.77967653385250468     
  0.88999998010694981        104.66782228189444       0.88499998021870852       0.67889685955963541     
  0.89999997988343239        104.67360446141461       0.89499997999519110       0.57821796494030808     
  0.90999997965991497        104.67838085880000       0.90499997977167368       0.47763974921484997     
  0.91999997943639755        104.68215247983274       0.91499997954815626       0.37716211170436797     
  0.92999997921288013        104.68492032928918       0.92499997932463884       0.27678495183064789     
  0.93999997898936272        104.68668541094090       0.93499997910112143       0.17650816911605363     
  0.94999997876584530        104.68744872755568       0.94499997887760401        7.6331663183426851E-002
  0.95999997854232788        104.68721128089854       0.95499997865408659       -2.3744666244013682E-002
  0.96999997831881046        104.68597407173276       0.96499997843056917      -0.12372091934277239     
  0.97999997809529305        104.68373809982084       0.97499997820705175      -0.22359719618917723     
  0.98999997787177563        104.68050436392552       0.98499997798353434      -0.32337359675947980     
  0.99999997764825821        104.67627386181078       0.99499997776001692      -0.42305022092995548     
   1.0099999774247408        104.67104759024284        1.0049999775364995      -0.52262716847700330     
   1.0199999772012234        104.66482654499112        1.0149999773129821      -0.62210453907724594     
   1.0299999769777060        104.65761172082931        1.0249999770894647      -0.72148243230762954     
   1.0399999767541885        104.64940411153631        1.0349999768659472      -0.82076094764552321     
   1.0499999765306711        104.64020470989725        1.0449999766424298      -0.91994018446881864     
   1.0599999763071537        104.63001450770446        1.0549999764189124       -1.0190202420560297     
   1.0699999760836363        104.61883449575849        1.0649999761953950       -1.1180012195863918     
   1.0799999758601189        104.60666566386908        1.0749999759718776       -1.2168832161399610     
   1.0899999756366014        104.59350900085617        1.0849999757483602       -1.3156663306977134     
   1.0999999754130840        104.57936549455088        1.0949999755248427       -1.4143506621416440     
   1.1099999751895666        104.56423613179651        1.1049999753013253       -1.5129363092548658     
   1.1199999749660492        104.54812189844947        1.1149999750778079       -1.6114233707217089     
   1.1299999747425318        104.53102377938036        1.1249999748542905       -1.7098119451278191     
   1.1399999745190144        104.51294275847491        1.1349999746307731       -1.8081021309602563     
   1.1499999742954969        104.49387981863492        1.1449999744072556       -1.9062940266075932     
   1.1599999740719795        104.47383594177934        1.1549999741837382       -2.0043877303600146     
   1.1699999738484621        104.45281210884517        1.1649999739602208       -2.1023833404094141     
   1.1799999736249447        104.43080929978848        1.1749999737367034       -2.2002809548494944     
   1.1899999734014273        104.40782849358538        1.1849999735131860       -2.2980806716758639     
   1.1999999731779099        104.38387066823302        1.1949999732896686       -2.3957825887861359     
   1.2099999729543924        104.35893680075053        1.2049999730661511       -2.4933868039800258     
   1.2199999727308750        104.33302786718004        1.2149999728426337       -2.5908934149594489     
   1.2299999725073576        104.30614484258763        1.2249999726191163       -2.6883025193286190     
   1.2399999722838402        104.27828870106433        1.2349999723955989       -2.7856142145941454     
   1.2499999720603228        104.24946041572704        1.2449999721720815       -2.8828285981651316     
   1.2599999718368053        104.21966095871959        1.2549999719485641       -2.9799457673532710     
   1.2699999716132879        104.18889130121362        1.2649999717250466       -3.0769658193729459     
   1.2799999713897705        104.15715241340962        1.2749999715015292       -3.1738888513413239     
   1.2899999711662531        104.12444526453790        1.2849999712780118       -3.2707149602784558     
   1.2999999709427357        104.09077082285951        1.2949999710544944       -3.3674442431073719     
   1.3099999707192183        104.05613005566725        1.3049999708309770       -3.4640767966541799     
   1.3199999704957008        104.02052392928663        1.3149999706074595       -3.5606127176481608     
   1.3299999702721834        103.98395340907682        1.3249999703839421       -3.6570521027218672     
   1.3399999700486660        103.94641945943165        1.3349999701604247       -3.7533950484112184     
   1.3499999698251486        103.90792304378056        1.3449999699369073       -3.8496416511555980     
   1.3599999696016312        103.86846512458953        1.3549999697133899       -3.9457920072979502     
   1.3699999693781137        103.82804666336210        1.3649999694898725       -4.0418462130848765     
   1.3799999691545963        103.78666862064030        1.3749999692663550       -4.1378043646667315     
   1.3899999689310789        103.74433195600562        1.3849999690428376       -4.2336665580977195     
   1.3999999687075615        103.70103762807997        1.3949999688193202       -4.3294328893359912     
   1.4099999684840441        103.65678659452662        1.4049999685958028       -4.4251034542437377     
   1.4199999682605267        103.61157981205120        1.4149999683722854       -4.5206783485872890     
   1.4299999680370092        103.56541823640262        1.4249999681487679       -4.6161576680372089     
   1.4399999678134918        103.51830282237405        1.4349999679252505       -4.7115415081683905     
   1.4499999675899744        103.47023452380387        1.4449999677017331       -4.8068299644601513     
   1.4599999673664570        103.42121429357660        1.4549999674782157       -4.9020231322963310     
   1.4699999671429396        103.37124308362388        1.4649999672546983       -4.9971211069653831     
   1.4799999669194221        103.32032184492546        1.4749999670311809       -5.0921239836604748     
   1.4899999666959047        103.26845152751005        1.4849999668076634       -5.1870318574795791     
   1.4999999664723873        103.21563308045639        1.4949999665841460       -5.2818448234255717     
   1.5099999662488699        103.16186745189408        1.5049999663606286       -5.3765629764063245     
   1.5199999660253525        103.10715558900463        1.5149999661371112       -5.4711864112348021     
   1.5299999658018351        103.05149843802238        1.5249999659135938       -5.5657152226291569     
   1.5399999655783176        102.99489694423539        1.5349999656900764       -5.6601495052128215     
   1.5499999653548002        102.93735205198648        1.5449999654665589       -5.7544893535146056     
   1.5599999651312828        102.87886470467409        1.5549999652430415       -5.8487348619687909     
   1.5699999649077654        102.81943584475327        1.5649999650195241       -5.9428861249152245     
   1.5799999646842480        102.75906641373663        1.5749999647960067       -6.0369432365994129     
   1.5899999644607306        102.69775735219527        1.5849999645724893       -6.1309062911726180     
   1.5999999642372131        102.63550959975970        1.5949999643489718       -6.2247753826919503     
   1.6099999640136957        102.57232409512081        1.6049999641254544       -6.3185506051204623     
   1.6199999637901783        102.50820177603077        1.6149999639019370       -6.4122320523272442     
   1.6299999635666609        102.44314357930406        1.6249999636784196       -6.5058198180875175     
   1.6399999633431435        102.37715044081830        1.6349999634549022       -6.5993139960827278     
   1.6499999631196260        102.31022329551523        1.6449999632313848       -6.6927146799006394     
   1.6599999628961086        102.24236307740166        1.6549999630078673       -6.7860219630354290     
   1.6699999626725912        102.17357071955041        1.6649999627843499       -6.8792359388877795     
   1.6799999624490738        102.10384715410120        1.6749999625608325       -6.9723567007649718     
   1.6899999622255564        102.03319331226163        1.6849999623373151       -7.0653843418809812     
   1.6999999620020390        101.96161012430808        1.6949999621137977       -7.1583189553565676     
   1.7099999617785215        101.88909851958665        1.7049999618902802       -7.2511606342193708     
   1.7199999615550041        101.81565942651410        1.7149999616667628       -7.3439094714040030     
   1.7299999613314867        101.74129377257879        1.7249999614432454       -7.4365655597521414     
   1.7399999611079693        101.66600248434155        1.7349999612197280       -7.5291289920126214     
   1.7499999608844519        101.58978648743670        1.7449999609962106       -7.6215998608415312     
   1.7599999606609344        101.51264670657288        1.7549999607726932       -7.7139782588023005     
   1.7699999604374170        101.43458406553405        1.7649999605491757       -7.8062642783657976     
   1.7799999602138996        101.35559948718040        1.7749999603256583       -7.8984580119104191     
   1.7899999599903822        101.27569389344920        1.7849999601021409       -7.9905595517221828     
   1.7999999597668648        101.19486820535585        1.7949999598786235       -8.0825689899948205     
   1.8099999595433474        101.11312334299468        1.8049999596551061       -8.1744864188298720     
   1.8199999593198299        101.03046022553998        1.8149999594315886       -8.2663119302367729     
   1.8299999590963125        100.94687977124683        1.8249999592080712       -8.3580456161329515     
   1.8399999588727951        100.86238289745204        1.8349999589845538       -8.4496875683439168     
   1.8499999586492777        100.77697052057512        1.8449999587610364       -8.5412378786033543     
   1.8599999584257603        100.69064355611914        1.8549999585375190       -8.6326966385532131     
   1.8699999582022429        100.60340291867169        1.8649999583140016       -8.7240639397438038     
   1.8799999579787254        100.51524952190573        1.8749999580904841       -8.8153398736338850     
   1.8899999577552080        100.42618427858059        1.8849999578669667       -8.9065245315907564     
   1.8999999575316906        100.33620810054282        1.8949999576434493       -8.9976180048903505     
   1.9099999573081732        100.24532189872711        1.9049999574199319       -9.0886203847173235     
   1.9199999570846558        100.15352658315724        1.9149999571964145       -9.1795317621651478     
   1.9299999568611383        100.06082306294697        1.9249999569728971       -9.2703522282362005     
   1.9399999566376209        99.967212246300917        1.9349999567493796       -9.3610818738418597     
   1.9499999564141035        99.872695040515509        1.9449999565258622       -9.4517207898025895     
   1.9599999561905861        99.777272351979889        1.9549999563023448       -9.5422690668480339     
   1.9699999559670687        99.680945086176806        1.9649999560788274       -9.6327267956171063     
   1.9799999557435513        99.583714147683509        1.9749999558553100       -9.7230940666580850     
   1.9899999555200338        99.485580440172683        1.9849999556317925       -9.8133709704286947     
   1.9999999552965164        99.386544866413345        1.9949999554082751       -9.9035575972962064     
   2.0099999550729990        99.286608328271726        2.0049999551847577       -9.9936540375375227     
   2.0199999548494816        99.185771726712204        2.0149999549612403       -10.083660381339270     
   2.0299999546259642        99.084035961798193        2.0249999547377229       -10.173576718797886     
   2.0399999544024467        98.981401932693046        2.0349999545142055       -10.263403139919713     
   2.0499999541789293        98.877870537660939        2.0449999542906880       -10.353139734621088     
   2.0599999539554119        98.773442674067795        2.0549999540671706       -10.442786592728430     
   2.0699999537318945        98.668119238382175        2.0649999538436532       -10.532343803978332     
   2.0799999535083771        98.561901126176153        2.0749999536201358       -10.621811458017651     
   2.0899999532848597        98.454789232126259        2.0849999533966184       -10.711189644403598     
   2.0999999530613422        98.346784450014312        2.0949999531731009       -10.800478452603825     
   2.1099999528378248        98.237887672728377        2.1049999529495835       -10.889677971996516     
   2.1199999526143074        98.128099792263626        2.1149999527260661       -10.978788291870480     
   2.1299999523907900        98.017421699723215        2.1249999525025487       -11.067809501425232     
   2.1399999521672726        97.905854285319236        2.1349999522790313       -11.156741689771094     
   2.1499999519437551        97.793398438373529        2.1449999520555139       -11.245584945929274     
   2.1599999517202377        97.680055047318632        2.1549999518319964       -11.334339358831956     
   2.1699999514967203        97.565824999698648        2.1649999516084790       -11.423005017322398     
   2.1799999512732029        97.450709182170144        2.1749999513849616       -11.511582010155010     
   2.1899999510496855        97.334708480503011        2.1849999511614442       -11.600070425995449     
   2.1999999508261681        97.217823779581380        2.1949999509379268       -11.688470353420707     
   2.2099999506026506        97.100055963404500        2.2049999507144094       -11.776781880919197     
   2.2199999503791332        96.981405915087620        2.2149999504908919       -11.865005096890847     
   2.2299999501556158        96.861874516862883        2.2249999502673745       -11.953140089647183     
   2.2399999499320984        96.741462650080180        2.2349999500438571       -12.041186947411420     
   2.2499999497085810        96.620171195208073        2.2449999498203397       -12.129145758318549     
   2.2599999494850636        96.498001031834633        2.2549999495968223       -12.217016610415426     
   2.2699999492615461        96.374953038668366        2.2649999493733048       -12.304799591660860     
   2.2799999490380287        96.251028093539048        2.2749999491497874       -12.392494789925703     
   2.2899999488145113        96.126227073398638        2.2849999489262700       -12.480102292992933     
   2.2999999485909939        96.000550854322142        2.2949999487027526       -12.567622188557751     
   2.3099999483674765        95.874000311508496        2.3049999484792352       -12.655054564227655     
   2.3199999481439590        95.746576319281417        2.3149999482557178       -12.742399507522540     
   2.3299999479204416        95.618279751090327        2.3249999480322003       -12.829657105874782     
   2.3399999476969242        95.489111479511166        2.3349999478086829       -12.916827446629322     
   2.3499999474734068        95.359072376247326        2.3449999475851655       -13.003910617043756     
   2.3599999472498894        95.228163312130491        2.3549999473616481       -13.090906704288425     
   2.3699999470263720        95.096385157121503        2.3649999471381307       -13.177815795446497     
   2.3799999468028545        94.963738780311246        2.3749999469146132       -13.264637977514059     
   2.3899999465793371        94.830225049921509        2.3849999466910958       -13.351373337400201     
   2.3999999463558197        94.695844833305870        2.3949999464675784       -13.438021961927102     
   2.4099999461323023        94.560598996950546        2.4049999462440610       -13.524583937830123     
   2.4199999459087849        94.424488406475277        2.4149999460205436       -13.611059351757884     
   2.4299999456852674        94.287513926634176        2.4249999457970262       -13.697448290272362     
   2.4399999454617500        94.149676421316599        2.4349999455735087       -13.783750839848970     
   2.4499999452382326        94.010976753548007        2.4449999453499913       -13.869967086876644     
   2.4599999450147152        93.871415785490854        2.4549999451264739       -13.956097117657933     
   2.4699999447911978        93.730994378445430        2.4649999449029565       -14.042141018409081     
   2.4799999445676804        93.589713392850712        2.4749999446794391       -14.128098875260120     
   2.4899999443441629        93.447573688285232        2.4849999444559216       -14.213970774254948     
   2.4999999441206455        93.304576123467967        2.4949999442324042       -14.299756801351421     
   2.5099999438971281        93.160721556259148        2.5049999440088868       -14.385457042421438     
   2.5199999436736107        93.016010843661178        2.5149999437853694       -14.471071583251023     
   2.5299999434500933        92.870444841819420        2.5249999435618520       -14.556600509540415     
   2.5399999432265759        92.724024406023133        2.5349999433383346       -14.642043906904155     
   2.5499999430030584        92.576750390706252        2.5449999431148171       -14.727401860871169     
   2.5599999427795410        92.428623649448298        2.5549999428912997       -14.812674456884851     
   2.5699999425560236        92.279645034975204        2.5649999426677823       -14.897861780303154     
   2.5799999423325062        92.129815399160165        2.5749999424442649       -14.982963916398674     
   2.5899999421089888        91.979135593024537        2.5849999422207475       -15.067980950358733     
   2.5999999418854713        91.827606466738629        2.5949999419972301       -15.152912967285465     
   2.6099999416619539        91.675228869622572        2.6049999417737126       -15.237760052195902     
   2.6199999414384365        91.522003650147198        2.6149999415501952       -15.322522290022063     
   2.6299999412149191        91.367931655934868        2.6249999413266778       -15.407199765611027     
   2.6399999409914017        91.213013733760306        2.6349999411031604       -15.491792563725035     
   2.6499999407678843        91.057250729551470        2.6449999408796430       -15.576300769041559     
   2.6599999405443668        90.900643488390386        2.6549999406561255       -15.660724466153395     
   2.6699999403208494        90.743192854513993        2.6649999404326081       -15.745063739568749     
   2.6799999400973320        90.584899671315014        2.6749999402090907       -15.829318673711317     
   2.6899999398738146        90.425764781342750        2.6849999399855733       -15.913489352920369     
   2.6999999396502972        90.265789026303977        2.6949999397620559       -15.997575861450839     
   2.7099999394267797        90.104973247063754        2.7049999395385385       -16.081578283473405     
   2.7199999392032623        89.943318283646278        2.7149999393150210       -16.165496703074574     
   2.7299999389797449        89.780824975235717        2.7249999390915036       -16.249331204256766     
   2.7399999387562275        89.617494160177060        2.7349999388679862       -16.333081870938400     
   2.7499999385327101        89.453326675976953        2.7449999386444688       -16.416748786953978     
   2.7599999383091927        89.288323359304528        2.7549999384209514       -16.500332036054164     
   2.7699999380856752        89.122485045992249        2.7649999381974339       -16.583831701905872     
   2.7799999378621578        88.955812571036745        2.7749999379739165       -16.667247868092350     
   2.7899999376386404        88.788306768599654        2.7849999377503991       -16.750580618113265     
   2.7999999374151230        88.619968472008466        2.7949999375268817       -16.833830035384779     
   2.8099999371916056        88.450798513757320        2.8049999373033643       -16.916996203239641     
   2.8199999369680882        88.280797725507867        2.8149999370798469       -17.000079204927268     
   2.8299999367445707        88.109966938090096        2.8249999368563294       -17.083079123613828     
   2.8399999365210533        87.938306981503175        2.8349999366328120       -17.165996042382318     
   2.8499999362975359        87.765818684916269        2.8449999364092946       -17.248830044232658     
   2.8599999360740185        87.592502876669357        2.8549999361857772       -17.331581212081765     
   2.8699999358505011        87.418360384274109        2.8649999359622598       -17.414249628763638     
   2.8799999356269836        87.243392034414669        2.8749999357387424       -17.496835377029448     
   2.8899999354034662        87.067598652948476        2.8849999355152249       -17.579338539547607     
   2.8999999351799488        86.890981064907152        2.8949999352917075       -17.661759198903862     
   2.9099999349564314        86.713540094497247        2.9049999350681901       -17.744097437601376     
   2.9199999347329140        86.535276565101142        2.9149999348446727       -17.826353338060805     
   2.9299999345093966        86.356191299277810        2.9249999346211553       -17.908526982620387     
   2.9399999342858791        86.176285118763673        2.9349999343976378       -17.990618453536023     
   2.9499999340623617        85.995558844473408        2.9449999341741204       -18.072627832981354     
   2.9599999338388443        85.814013296500789        2.9549999339506030       -18.154555203047849     
   2.9699999336153269        85.631649294119498        2.9649999337270856       -18.236400645744890     
   2.9799999333918095        85.448467655783929        2.9749999335035682       -18.318164242999842     
   2.9899999331682920        85.264469199130033        2.9849999332800508       -18.399846076658150     
   2.9999999329447746        85.079654740976125        2.9949999330565333       -18.481446228483406     
   3.0099999327212572        84.894025097323691        3.0049999328330159       -18.562964780157447     
   3.0199999324977398        84.707581083358235        3.0149999326094985       -18.644401813280421     
   3.0299999322742224        84.520323513450066        3.0249999323859811       -18.725757409370878     
   3.0399999320507050        84.332253201155112        3.0349999321624637       -18.807031649865852     
   3.0499999318271875        84.143370959215744        3.0449999319389462       -18.888224616120937     
   3.0599999316036701        83.953677599561615        3.0549999317154288       -18.969336389410369     
   3.0699999313801527        83.763173933310426        3.0649999314919114       -19.050367050927118     
   3.0799999311566353        83.571860770768780        3.0749999312683940       -19.131316681782952     
   3.0899999309331179        83.379738921432946        3.0849999310448766       -19.212185363008533     
   3.0999999307096004        83.186809193989731        3.0949999308213592       -19.292973175553492     
   3.1099999304860830        82.993072396317217        3.1049999305978417       -19.373680200286508     
   3.1199999302625656        82.798529335485640        3.1149999303743243       -19.454306517995391     
   3.1299999300390482        82.603180817758144        3.1249999301508069       -19.534852209387168     
   3.1399999298155308        82.407027648591622        3.1349999299272895       -19.615317355088152     
   3.1499999295920134        82.210070632637510        3.1449999297037721       -19.695702035644036     
   3.1599999293684959        82.012310573742596        3.1549999294802547       -19.776006331519962     
   3.1699999291449785        81.813748274949802        3.1649999292567372       -19.856230323100611     
   3.1799999289214611        81.614384538499024        3.1749999290332198       -19.936374090690276     
   3.1899999286979437        81.414220165827913        3.1849999288097024       -20.016437714512950     
   3.1999999284744263        81.213255957572684        3.1949999285861850       -20.096421274712398     
   3.2099999282509089        81.011492713568927        3.2049999283626676       -20.176324851352241     
   3.2199999280273914        80.808931232852373        3.2149999281391501       -20.256148524416041     
   3.2299999278038740        80.605572313659721        3.2249999279156327       -20.335892373807372     
   3.2399999275803566        80.401416753429459        3.2349999276921153       -20.415556479349906     
   3.2499999273568392        80.196465348802604        3.2449999274685979       -20.495140920787488     
   3.2599999271333218        79.990718895623559        3.2549999272450805       -20.574645777784227     
   3.2699999269098043        79.784178188940857        3.2649999270215631       -20.654071129924560     
   3.2799999266862869        79.576844023008007        3.2749999267980456       -20.733417056713346     
   3.2899999264627695        79.368717191284247        3.2849999265745282       -20.812683637575933     
   3.2999999262392521        79.159798486435363        3.2949999263510108       -20.891870951858248     
   3.3099999260157347        78.950088700334476        3.3049999261274934       -20.970979078826872     
   3.3199999257922173        78.739588624062833        3.3149999259039760       -21.050008097669117     
   3.3299999255686998        78.528299047910593        3.3249999256804585       -21.128958087493110     
   3.3399999253451824        78.316220761377636        3.3349999254569411       -21.207829127327866     
   3.3499999251216650        78.103354553174327        3.3449999252334237       -21.286621296123375     
   3.3599999248981476        77.889701211222345        3.3549999250099063       -21.365334672750674     
   3.3699999246746302        77.675261522655433        3.3649999247863889       -21.443969336001931     
   3.3799999244511127        77.460036273820180        3.3749999245628715       -21.522525364590525     
   3.3899999242275953        77.244026250276875        3.3849999243393540       -21.601002837151114     
   3.3999999240040779        77.027232236800202        3.3949999241158366       -21.679401832239730     
   3.4099999237805605        76.809655017380095        3.4049999238923192       -21.757722428333839     
   3.4199999235570431        76.591295375222487        3.4149999236688018       -21.835964703832438     
   3.4299999233335257        76.372154092750108        3.4249999234452844       -21.914128737056121     
   3.4399999231100082        76.152231951603284        3.4349999232217669       -21.992214606247163     
   3.4499999228864908        75.931529732640669        3.4449999229982495       -22.070222389569597     
   3.4599999226629734        75.710048215940077        3.4549999227747321       -22.148152165109291     
   3.4699999224394560        75.487788180799242        3.4649999225512147       -22.226004010874025     
   3.4799999222159386        75.264750405736592        3.4749999223276973       -22.303778004793575     
   3.4899999219924212        75.040935668492040        3.4849999221041799       -22.381474224719781     
   3.4999999217689037        74.816344746027767        3.4949999218806624       -22.459092748426642     
   3.5099999215453863        74.590978414528990        3.5049999216571450       -22.536633653610373     
   3.5199999213218689        74.364837449404746        3.5149999214336276       -22.614097017889499     
   3.5299999210983515        74.137922625288638        3.5249999212101102       -22.691482918804923     
   3.5399999208748341        73.910234716039653        3.5349999209865928       -22.768791433820009     
   3.5499999206513166        73.681774494742925        3.5449999207630754       -22.846022640320655     
   3.5599999204277992        73.452542733710501        3.5549999205395579       -22.923176615615375     
   3.5699999202042818        73.222540204482101        3.5649999203160405       -23.000253436935377     
   3.5799999199807644        72.991767677825919        3.5749999200925231       -23.077253181434632     
   3.5899999197572470        72.760225923739384        3.5849999198690057       -23.154175926189961     
   3.5999999195337296        72.527915711449907        3.5949999196454883       -23.231021748201108     
   3.6099999193102121        72.294837809415696        3.6049999194219708       -23.307790724390816     
   3.6199999190866947        72.060992985326493        3.6149999191984534       -23.384482931604907     
   3.6299999188631773        71.826382006104339        3.6249999189749360       -23.461098446612358     
   3.6399999186396599        71.591005637904360        3.6349999187514186       -23.537637346105370     
   3.6499999184161425        71.354864646115530        3.6449999185279012       -23.614099706699459     
   3.6599999181926250        71.117959795361429        3.6549999183043838       -23.690485604933524     
   3.6699999179691076        70.880291849501020        3.6649999180808663       -23.766795117269925     
   3.6799999177455902        70.641861571629406        3.6749999178573489       -23.843028320094557     
   3.6899999175220728        70.402669724078592        3.6849999176338315       -23.919185289716932     
   3.6999999172985554        70.162717068418246        3.6949999174103141       -23.995266102370252     
   3.7099999170750380        69.922004365456473        3.7049999171867967       -24.071270834211486     
   3.7199999168515205        69.680532375240574        3.7149999169632792       -24.147199561321447     
   3.7299999166280031        69.438301857057795        3.7249999167397618       -24.223052359704862     
   3.7399999164044857        69.195313569436095        3.7349999165162444       -24.298829305290457     
   3.7499999161809683        68.951568270144918        3.7449999162927270       -24.374530473931035     
   3.7599999159574509        68.707066716195925        3.7549999160692096       -24.450155941403533     
   3.7699999157339334        68.461809663843752        3.7649999158456922       -24.525705783409123     
   3.7799999155104160        68.215797868586819        3.7749999156221747       -24.601180075573271     
   3.7899999152868986        67.969032085168010        3.7849999153986573       -24.676578893445818     
   3.7999999150633812        67.721513067575486        3.7949999151751399       -24.751902312501052     
   3.8099999148398638        67.473241569043410        3.8049999149516225       -24.827150408137793     
   3.8199999146163464        67.224218342052723        3.8149999147281051       -24.902323255679459     
   3.8299999143928289        66.974444138331876        3.8249999145045877       -24.977420930374141     
   3.8399999141693115        66.723919708857593        3.8349999142810702       -25.052443507394688     
   3.8499999139457941        66.472645803855613        3.8449999140575528       -25.127391061838775     
   3.8599999137222767        66.220623172801467        3.8549999138340354       -25.202263668728975     
   3.8699999134987593        65.967852564421207        3.8649999136105180       -25.277061403012844     
   3.8799999132752419        65.714334726692144        3.8749999133870006       -25.351784339562986     
   3.8899999130517244        65.460070406843627        3.8849999131634831       -25.426432553177133     
   3.8999999128282070        65.205060351357758        3.8949999129399657       -25.501006118578225     
   3.9099999126046896        64.949305305970185        3.9049999127164483       -25.575505110414468     
   3.9199999123811722        64.692806015670797        3.9149999124929309       -25.649929603259434     
   3.9299999121576548        64.435563224704495        3.9249999122694135       -25.724279671612106     
   3.9399999119341373        64.177577676571957        3.9349999120458961       -25.798555389896979     
   3.9499999117106199        63.918850114030327        3.9449999118223786       -25.872756832464123     
   3.9599999114871025        63.659381279094013        3.9549999115988612       -25.946884073589253     
   3.9699999112635851        63.399171913035410        3.9649999113753438       -26.020937187473809     
   3.9799999110400677        63.138222756385630        3.9749999111518264       -26.094916248245031     
   3.9899999108165503        62.876534548935254        3.9849999109283090       -26.168821329956035     
   3.9999999105930328        62.614108029735085        3.9949999107047915       -26.242652506585877     
   4.0099999103695154        62.350943937096865        4.0049999104812741       -26.316409852039641     
   4.0199999101459980        62.087043008594023        4.0149999102577567       -26.390093440148501     
   4.0299999099224806        61.822405981062424        4.0249999100342393       -26.463703344669799     
   4.0399999096989632        61.557033590601087        4.0349999098107219       -26.537239639287126     
   4.0499999094754457        61.290926572572936        4.0449999095872045       -26.610702397610382     
   4.0599999092519283        61.024085661605540        4.0549999093636870       -26.684091693175862     
   4.0699999090284109        60.756511591591824        4.0649999091401696       -26.757407599446324     
   4.0799999088048935        60.488205095690830        4.0749999089166522       -26.830650189811063     
   4.0899999085813761        60.219166906328439        4.0849999086931348       -26.903819537585981     
   4.0999999083578587        59.949397755198113        4.0949999084696174       -26.976915716013671     
   4.1099999081343412        59.678898373261610        4.1049999082460999       -27.049938798263476     
   4.1199999079108238        59.407669490749733        4.1149999080225825       -27.122888857431576     
   4.1299999076873064        59.135711837163051        4.1249999077990651       -27.195765966541053     
   4.1399999074637890        58.863026141272634        4.1349999075755477       -27.268570198541962     
   4.1499999072402716        58.589613131120778        4.1449999073520303       -27.341301626311413     
   4.1599999070167542        58.315473534021741        4.1549999071285129       -27.413960322653637     
   4.1699999067932367        58.040608076562464        4.1649999069049954       -27.486546360300057     
   4.1799999065697193        57.765017484603298        4.1749999066814780       -27.559059811909375     
   4.1899999063462019        57.488702483278743        4.1849999064579606       -27.631500750067623     
   4.1999999061226845        57.211663796998160        4.1949999062344432       -27.703869247288253     
   4.2099999058991671        56.933902149446496        4.2049999060109258       -27.776165376012202     
   4.2199999056756496        56.655418263585020        4.2149999057874084       -27.848389208607962     
   4.2299999054521322        56.376212861652029        4.2249999055638909       -27.920540817371666     
   4.2399999052286148        56.096286665163596        4.2349999053403735       -27.992620274527145     
   4.2499999050050974        55.815640394914269        4.2449999051168561       -28.064627652226005     
   4.2599999047815800        55.534274770977802        4.2549999048933387       -28.136563022547701     
   4.2699999045580626        55.252190512707884        4.2649999046698213       -28.208426457499613     
   4.2799999043345451        54.969388338738831        4.2749999044463038       -28.280218029017107     
   4.2899999041110277        54.685868966986348        4.2849999042227864       -28.351937808963619     
   4.2999999038875103        54.401633114648206        4.2949999039992690       -28.423585869130719     
   4.3099999036639929        54.116681498204990        4.3049999037757516       -28.495162281238187     
   4.3199999034404755        53.831014833420795        4.3149999035522342       -28.566667116934081     
   4.3299999032169580        53.544633835343959        4.3249999033287168       -28.638100447794812     
   4.3399999029934406        53.257539218307770        4.3349999031051993       -28.709462345325214     
   4.3499999027699232        52.969731695931181        4.3449999028816819       -28.780752880958616     
   4.3599999025464058        52.681211981119532        4.3549999026581645       -28.851972126056918     
   4.3699999023228884        52.391980786065247        4.3649999024346471       -28.923120151910652     
   4.3799999020993710        52.102038822248566        4.3749999022111297       -28.994197029739063     
   4.3899999018758535        51.811386800438243        4.3849999019876122       -29.065202830690172     
   4.3999999016523361        51.520025430692272        4.3949999017640948       -29.136137625840860     
   4.4099999014288187        51.227955422358576        4.4049999015405774       -29.207001486196926     
   4.4199999012053013        50.935177484075744        4.4149999013170600       -29.277794482693164     
   4.4299999009817839        50.641692323773718        4.4249999010935426       -29.348516686193435     
   4.4399999007582664        50.347500648674504        4.4349999008700252       -29.419168167490731     
   4.4499999005347490        50.052603165292908        4.4449999006465077       -29.489748997307256     
   4.4599999003112316        49.757000579437197        4.4549999004229903       -29.560259246294489     
   4.4699999000877142        49.460693596209843        4.4649999001994729       -29.630698985033263     
   4.4799998998641968        49.163682920008213        4.4749998999759555       -29.701068284033820     
   4.4899998996406794        48.865969254525275        4.4849998997524381       -29.771367213735903     
   4.4999998994171619        48.567553302750305        4.4949998995289207       -29.841595844508806     
   4.5099998991936445        48.268435766969588        4.5049998993054032       -29.911754246651459     
   4.5199998989701271        47.968617348767125        4.5149998990818858       -29.981842490392491     
   4.5299998987466097        47.668098749025340        4.5249998988583684       -30.051860645890308     
   4.5399998985230923        47.366880667925756        4.5349998986348510       -30.121808783233146     
   4.5499998982995749        47.064963804949734        4.5449998984113336       -30.191686972439165     
   4.5599998980760574        46.762348858879143        4.5549998981878161       -30.261495283456497     
   4.5699998978525400        46.459036527797068        4.5649998979642987       -30.331233786163331     
   4.5799998976290226        46.155027509088519        4.5749998977407813       -30.400902550367977     
   4.5899998974055052        45.850322499441120        4.5849998975172639       -30.470501645808941     
   4.5999998971819878        45.544922194845796        4.5949998972937465       -30.540031142154980     
   4.6099998969584703        45.238827290597499        4.6049998970702291       -30.609491109005191     
   4.6199998967349529        44.932038481295869        4.6149998968467116       -30.678881615889068     
   4.6299998965114355        44.624556460845966        4.6249998966231942       -30.748202732266581     
   4.6399998962879181        44.316381922458923        4.6349998963996768       -30.817454527528231     
   4.6499998960644007        44.007515558652671        4.6449998961761594       -30.886637070995135     
   4.6599998958408833        43.697958061252628        4.6549998959526420       -30.955750431919089     
   4.6699998956173658        43.387710121392381        4.6649998957291245       -31.024794679482635     
   4.6799998953938484        43.076772429514392        4.6749998955056071       -31.093769882799130     
   4.6899998951703310        42.765145675370668        4.6849998952820897       -31.162676110912823     
   4.6999998949468136        42.452830548023464        4.6949998950585723       -31.231513432798916     
   4.7099998947232962        42.139827735845984        4.7049998948350549       -31.300281917363638     
   4.7199998944997787        41.826137926523053        4.7149998946115375       -31.368981633444307     
   4.7299998942762613        41.511761807051812        4.7249998943880200       -31.437612649809406     
   4.7399998940527439        41.196700063742405        4.7349998941645026       -31.506175035158652     
   4.7499998938292265        40.880953382218664        4.7449998939409852       -31.574668858123058     
   4.7599998936057091        40.564522447418796        4.7549998937174678       -31.643094187265010     
   4.7699998933821917        40.247407943596073        4.7649998934939504       -31.711451091078331     
   4.7799998931586742        39.929610554319517        4.7749998932704329       -31.779739637988346     
   4.7899998929351568        39.611130962474569        4.7849998930469155       -31.847959896351959     
   4.7999998927116394        39.291969850263797        4.7949998928233981       -31.916111934457717     
   4.8099998924881220        38.972127899207564        4.8049998925998807       -31.984195820525880     
   4.8199998922646046        38.651605790144707        4.8149998923763633       -32.052211622708484     
   4.8299998920410872        38.330404203233229        4.8249998921528459       -32.120159409089410     
   4.8399998918175697        38.008523817950973        4.8349998919293284       -32.188039247684458     
   4.8499998915940523        37.685965313096304        4.8449998917058110       -32.255851206441420     
   4.8599998913705349        37.362729366788791        4.8549998914822936       -32.323595353240130     
   4.8699998911470175        37.038816656469876        4.8649998912587762       -32.391271755892546     
   4.8799998909235001        36.714227858903577        4.8749998910352588       -32.458880482142817     
   4.8899998906999826        36.388963650177125        4.8849998908117414       -32.526421599667337     
   4.8999998904764652        36.063024705701679        4.8949998905882239       -32.593895176074838     
   4.9099998902529478        35.736411700212983        4.9049998903647065       -32.661301278906436     
   4.9199998900294304        35.409125307772044        4.9149998901411891       -32.728639975635701     
   4.9299998898059130        35.081166201765811        4.9249998899176717       -32.795911333668741     
   4.9399998895823956        34.752535054907845        4.9349998896941543       -32.863115420344243     
   4.9499998893588781        34.423232539238995        4.9449998894706368       -32.930252302933575     
   4.9599998891353607        34.093259326128063        4.9549998892471194       -32.997322048640818     
   4.9699998889118433        33.762616086272487        4.9649998890236020       -33.064324724602855     
   4.9799998886883259        33.431303489699005        4.9749998888000846       -33.131260397889427     
   4.9899998884648085        33.099322205764331        4.9849998885765672       -33.198129135503208     
   4.9999998882412910        32.766672903155822        4.9949998883530498       -33.264931004379875     
   5.0099998880177736        32.433356249892149        5.0049998881295323       -33.331666071388163     
   5.0199998877942562        32.099372913323961        5.0149998879060149       -33.398334403329940     
   5.0299998875707388        31.764723560134556        5.0249998876824975       -33.464936066940275     
   5.0399998873472214        31.429408856340547        5.0349998874589801       -33.531471128887496     
   5.0499998871237040        31.093429467292541        5.0449998872354627       -33.597939655773260     
   5.0599998869001865        30.756786057675782        5.0549998870119452       -33.664341714132640     
   5.0699998866766691        30.419479291510836        5.0649998867884278       -33.730677370434151     
   5.0799998864531517        30.081509832154243        5.0749998865649104       -33.796946691079853     
   5.0899998862296343        29.742878342299193        5.0849998863413930       -33.863149742405405     
   5.0999998860061169        29.403585483976180        5.0949998861178756       -33.929286590680128     
   5.1099998857825994        29.063631918553664        5.1049998858943582       -33.995357302107067     
   5.1199998855590820        28.723018306738741        5.1149998856708407       -34.061361942823069     
   5.1299998853355646        28.381745308577798        5.1249998854473233       -34.127300578898847     
   5.1399998851120472        28.039813583457178        5.1349998852238059       -34.193173276339046     
   5.1499998848885298        27.697223790103834        5.1449998850002885       -34.258980101082294     
   5.1599998846650124        27.353976586585993        5.1549998847767711       -34.324721119001289     
   5.1699998844414949        27.010072630313818        5.1649998845532537       -34.390396395902854     
   5.1799998842179775        26.665512578040055        5.1749998843297362       -34.456005997528003     
   5.1899998839944601        26.320297085860702        5.1849998841062188       -34.521549989552021     
   5.1999998837709427        25.974426809215661        5.1949998838827014       -34.587028437584500     
   5.2099998835474253        25.627902402889390        5.2049998836591840       -34.652441407169434     
   5.2199998833239079        25.280724521011567        5.2149998834356666       -34.717788963785274     
   5.2299998831003904        24.932893817057739        5.2249998832121491       -34.783071172844984     
   5.2399998828768730        24.584410943849978        5.2349998829886317       -34.848288099696120     
   5.2499998826533556        24.235276553557529        5.2449998827651143       -34.913439809620890     
   5.2599998824298382        23.885491297697477        5.2549998825415969       -34.978526367836217     
   5.2699998822063208        23.535055827135384        5.2649998823180795       -35.043547839493819     
   5.2799998819828033        23.183970792085944        5.2749998820945621       -35.108504289680248     
   5.2899998817592859        22.832236842113641        5.2849998818710446       -35.173395783416971     
   5.2999998815357685        22.479854626133392        5.2949998816475272       -35.238222385660443     
   5.3099998813122511        22.126824792411202        5.3049998814240098       -35.302984161302156     
   5.3199998810887337        21.773147988564808        5.3149998812004924       -35.367681175168705     
   5.3299998808652163        21.418824861564328        5.3249998809769750       -35.432313492021869     
   5.3399998806416988        21.063856057732913        5.3349998807534575       -35.496881176558666     
   5.3499998804181814        20.708242222747387        5.3449998805299401       -35.561384293411407     
   5.3599998801946640        20.351984001638900        5.3549998803064227       -35.625822907147771     
   5.3699998799711466        19.995082038793573        5.3649998800829053       -35.690197082270885     
   5.3799998797476292        19.637536977953136        5.3749998798593879       -35.754506883219349     
   5.3899998795241117        19.279349462215578        5.3849998796358705       -35.818752374367349     
   5.3999998793005943        18.920520134035790        5.3949998794123530       -35.882933620024680     
   5.4099998790770769        18.561049635226215        5.4049998791888356       -35.947050684436832     
   5.4199998788535595        18.200938606957475        5.4149998789653182       -36.011103631785048     
   5.4299998786300421        17.840187689759023        5.4249998787418008       -36.075092526186396     
   5.4399998784065247        17.478797523519784        5.4349998785182834       -36.139017431693816     
   5.4499998781830072        17.116768747488795        5.4449998782947659       -36.202878412296208     
   5.4599998779594898        16.754102000275843        5.4549998780712485       -36.266675531918473     
   5.4699998777359724        16.390797919852105        5.4649998778477311       -36.330408854421592     
   5.4799998775124550        16.026857143550789        5.4749998776242137       -36.394078443602680     
   5.4899998772889376        15.662280308067766        5.4849998774006963       -36.457684363195064     
   5.4999998770654202        15.297068049462213        5.4949998771771789       -36.521226676868324     
   5.5099998768419027        14.931221003157248        5.5049998769536614       -36.584705448228384     
   5.5199998766183853        14.564739803940565        5.5149998767301440       -36.648120740817561     
   5.5299998763948679        14.197625085965072        5.5249998765066266       -36.711472618114620     
   5.5399998761713505        13.829877482749524        5.5349998762831092       -36.774761143534853     
   5.5499998759478331        13.461497627179154        5.5449998760595918       -36.837986380430138     
   5.5599998757243156        13.092486151506314        5.5549998758360744       -36.901148392088999     
   5.5699998755007982        12.722843687351101        5.5649998756125569       -36.964247241736672     
   5.5799998752772808        12.352570865701992        5.5749998753890395       -37.027282992535163     
   5.5899998750537634        11.981668316916476        5.5849998751655221       -37.090255707583331     
   5.5999998748302460        11.610136670721687        5.5949998749420047       -37.153165449916919     
   5.6099998746067286        11.237976556215028        5.6049998747184873       -37.216012282508643     
   5.6199998743832111        10.865188601864805        5.6149998744949698       -37.278796268268245     
   5.6299998741596937        10.491773435510860        5.6249998742714524       -37.341517470042554     
   5.6399998739361763        10.117731684365189        5.6349998740479350       -37.404175950615553     
   5.6499998737126589        9.7430639750125803        5.6449998738244176       -37.466771772708448     
   5.6599998734891415        9.3677709334112365        5.6549998736009002       -37.529304998979711     
   5.6699998732656240        8.9918531848934009        5.6649998733773828       -37.591775692025173     
   5.6799998730421066        8.6153113541659856        5.6749998731538653       -37.654183914378052     
   5.6899998728185892        8.2381460653111969        5.6849998729303479       -37.716529728509045     
   5.6999998725950718        7.8603579417871563        5.6949998727068305       -37.778813196826370     
   5.7099998723715544        7.4819476064285286        5.7049998724833131       -37.841034381675840     
   5.7199998721480370        7.1029156814471435        5.7149998722597957       -37.903193345340931     
   5.7299998719245195        6.7232627884326188        5.7249998720362782       -37.965290150042819     
   5.7399998717010021        6.3429895483529837        5.7349998718127608       -38.027324857940464     
   5.7499998714774847        5.9620965815552980        5.7449998715892434       -38.089297531130676     
   5.7599998712539673        5.5805845077662761        5.7549998713657260       -38.151208231648155     
   5.7699998710304499        5.1984539460929042        5.7649998711422086       -38.213057021465580     
   5.7799998708069324        4.8157055150230619        5.7749998709186912       -38.274843962493648     
   5.7899998705834150        4.4323398324261412        5.7849998706951737       -38.336569116581153     
   5.7999998703598976        4.0483575155536649        5.7949998704716563       -38.398232545515029     
   5.8099998701363802        3.6637591810399033        5.8049998702481389       -38.459834311020430     
   5.8199998699128628        3.2785454449024938        5.8149998700246215       -38.521374474760783     
   5.8299998696893454        2.8927169225430549        5.8249998698011041       -38.582853098337857     
   5.8399998694658279        2.5062742287478041        5.8349998695775867       -38.644270243291807     
   5.8499998692423105        2.1192179776881730        5.8449998693540692       -38.705625971101263     
   5.8599998690187931        1.7315487829214213        5.8549998691305518       -38.766920343183365     
   5.8699998687952757        1.3432672573912514        5.8649998689070344       -38.828153420893841     
   5.8799998685717583       0.95437401342842243        5.8749998686835170       -38.889325265527063     
   5.8899998683482409       0.56486966275136219        5.8849998684599996       -38.950435938316112     
   5.8999998681247234       0.17475481646678043        5.8949998682364821       -39.011485500432826     
