   0.0000000000000000        100.00000000000000        0.0000000000000000        10.000000000000000     
   9.9999997764825821E-003   100.09949499778752        4.9999998882412910E-003   9.9495000011399384     
   1.9999999552965164E-002   100.19798004612039        1.4999999664723873E-002   9.8485050534194762     
   2.9999999329447746E-002   100.29545524599358        2.4999999441206455E-002   9.7475202051933341     
   3.9999999105930328E-002   100.39192069839193        3.4999999217689037E-002   9.6465454554515642     
   4.9999998882412910E-002   100.48737650429017        4.4999998994171619E-002   9.5455808031843166     
   5.9999998658895493E-002   100.58182276465296        5.4999998770654202E-002   9.4446262473818443     
   6.9999998435378075E-002   100.67525958043483        6.4999998547136784E-002   9.3436817870345017     
   7.9999998211860657E-002   100.76768705258024        7.4999998323619366E-002   9.2427474211327425     
   8.9999997988343239E-002   100.85910528202356        8.4999998100101948E-002   9.1418231486671218     
   9.9999997764825821E-002   100.94951436968904        9.4999997876584530E-002   9.0409089686282957     
  0.10999999754130840        101.03891441649087       0.10499999765306711        8.9400048800070238     
  0.11999999731779099        101.12730552333312       0.11499999742954969        8.8391108817941628     
  0.12999999709427357        101.21468779110978       0.12499999720603228        8.7382269729806712     
  0.13999999687075615        101.30106132070476       0.13499999698251486        8.6373531525576102     
  0.14999999664723873        101.38642621299186       0.14499999675899744        8.5364894195161405     
  0.15999999642372131        101.47078256883484       0.15499999653548002        8.4356357728475242     
  0.16999999620020390        101.55413048908730       0.16499999631196260        8.3347922115431246     
  0.17999999597668648        101.63647007459281       0.17499999608844519        8.2339587345944043     
  0.18999999575316906        101.71780142618483       0.18499999586492777        8.1331353409929275     
  0.19999999552965164        101.79812464468678       0.19499999564141035        8.0323220297303610     
  0.20999999530613422        101.87743983091194       0.20499999541789293        7.9315187997984697     
  0.21999999508261681        101.95574708566353       0.21499999519437551        7.8307256501891205     
  0.22999999485909939        102.03304650973470       0.22499999497085810        7.7299425798942822     
  0.23999999463558197        102.10933820390851       0.23499999474734068        7.6291695879060226     
  0.24999999441206455        102.18462226895794       0.24499999452382326        7.5284066732165114     
  0.25999999418854713        102.25889880564591       0.25499999430030584        7.4276538348180186     
  0.26999999396502972        102.33216791472525       0.26499999407678843        7.3269110717029156     
  0.27999999374151230        102.40442969693871       0.27499999385327101        7.2261783828636732     
  0.28999999351799488        102.47568425301897       0.28499999362975359        7.1254557672928645     
  0.29999999329447746        102.54593168368865       0.29499999340623617        7.0247432239831626     
  0.30999999307096004        102.61517208966028       0.30499999318271875        6.9240407519273415     
  0.31999999284744263        102.68340557163633       0.31499999295920134        6.8233483501182759     
  0.32999999262392521        102.75063223030918       0.32499999273568392        6.7226660175489412     
  0.33999999240040779        102.81685216636117       0.33499999251216650        6.6219937532124131     
  0.34999999217689037        102.88206548046456       0.34499999228864908        6.5213315561018685     
  0.35999999195337296        102.94627227328154       0.35499999206513166        6.4206794252105848     
  0.36999999172985554        103.00947264546421       0.36499999184161425        6.3200373595319403     
  0.37999999150633812        103.07166669765466       0.37499999161809683        6.2194053580594142     
  0.38999999128282070        103.13285453048488       0.38499999139457941        6.1187834197865856     
  0.39999999105930328        103.19303624457679       0.39499999117106199        6.0181715437071341     
  0.40999999083578587        103.25221194054225       0.40499999094754457        5.9175697288148408     
  0.41999999061226845        103.31038171898309       0.41499999072402716        5.8169779741035867     
  0.42999999038875103        103.36754568049105       0.42499999050050974        5.7163962785673545     
  0.43999999016523361        103.42370392564781       0.43499999027699232        5.6158246412002262     
  0.44999998994171619        103.47885655502502       0.44499999005347490        5.5152630609963849     
  0.45999998971819878        103.53300366918424       0.45499998982995749        5.4147115369501142     
  0.46999998949468136        103.58614536867699       0.46499998960644007        5.3141700680557991     
  0.47999998927116394        103.63828175404474       0.47499998938292265        5.2136386533079238     
  0.48999998904764652        103.68941292581889       0.48499998915940523        5.1131172917010739     
  0.49999998882412910        103.73953898452078       0.49499998893588781        5.0126059822299354     
  0.50999998860061169        103.78866003066173       0.50499998871237040        4.9121047238892945     
  0.51999998837709427        103.83677616474299       0.51499998848885298        4.8116135156740389     
  0.52999998815357685        103.88388748725576       0.52499998826533556        4.7111323565791556     
  0.53999998793005943        103.92999409868119       0.53499998804181814        4.6106612455997320     
  0.54999998770654202        103.97509609949039       0.54499998781830072        4.5102001817309576     
  0.55999998748302460        104.01919359014441       0.55499998759478331        4.4097491639681206     
  0.56999998725950718        104.06228667109427       0.56499998737126589        4.3093081913066111     
  0.57999998703598976        104.10437544278093       0.57499998714774847        4.2088772627419191     
  0.58999998681247234        104.14546000563531       0.58499998692423105        4.1084563772696345     
  0.59999998658895493        104.18554046007830       0.59499998670071363        4.0080455338854479     
  0.60999998636543751        104.22461690652072       0.60499998647719622        3.9076447315851510     
  0.61999998614192009        104.26268944536338       0.61499998625367880        3.8072539693646350     
  0.62999998591840267        104.29975817699703       0.62499998603016138        3.7068732462198923     
  0.63999998569488525        104.33582320180238       0.63499998580664396        3.6065025611470154     
  0.64999998547136784        104.37088462015012       0.64499998558312654        3.5061419131421974     
  0.65999998524785042        104.40494253240088       0.65499998535960913        3.4057913012017309     
  0.66999998502433300        104.43799703890528       0.66499998513609171        3.3054507243220099     
  0.67999998480081558        104.47004824000388       0.67499998491257429        3.2051201814995283     
  0.68999998457729816        104.50109623602721       0.68499998468905687        3.1047996717308806     
  0.69999998435378075        104.53114112729578       0.69499998446553946        3.0044891940127614     
  0.70999998413026333        104.56018301412007       0.70499998424202204        2.9041887473419652     
  0.71999998390674591        104.58822199680050       0.71499998401850462        2.8038983307153877     
  0.72999998368322849        104.61525817562749       0.72499998379498720        2.7036179431300247     
  0.73999998345971107        104.64129165088143       0.73499998357146978        2.6033475835829720     
  0.74999998323619366        104.66632252283266       0.74499998334795237        2.5030872510714257     
  0.75999998301267624        104.69035089174150       0.75499998312443495        2.4028369445926825     
  0.76999998278915882        104.71337685785828       0.76499998290091753        2.3025966631441390     
  0.77999998256564140        104.73540052142324       0.77499998267740011        2.2023664057232923     
  0.78999998234212399        104.75642198266665       0.78499998245388269        2.1021461713277394     
  0.79999998211860657        104.77644134180873       0.79499998223036528        2.0019359589551780     
  0.80999998189508915        104.79545869905969       0.80499998200684786        1.9017357676034059     
  0.81999998167157173        104.81347415461973       0.81499998178333044        1.8015455962703211     
  0.82999998144805431        104.83048780867898       0.82499998155981302        1.7013654439539216     
  0.83999998122453690        104.84649976141760       0.83499998133629560        1.6011953096523062     
  0.84999998100101948        104.86151011300574       0.84499998111277819        1.5010351923636731     
  0.85999998077750206        104.87551896360348       0.85499998088926077        1.4008850910863211     
  0.86999998055398464        104.88852641336094       0.86499998066574335        1.3007450048186491     
  0.87999998033046722        104.90053256241816       0.87499998044222593        1.2006149325591562     
  0.88999998010694981        104.91153751090525       0.88499998021870852        1.1004948733064417     
  0.89999997988343239        104.92154135894224       0.89499997999519110        1.0003848260592048     
  0.90999997965991497        104.93054420663917       0.90499997977167368       0.90028478981624505     
  0.91999997943639755        104.93854615409607       0.91499997954815626       0.80019476357646213     
  0.92999997921288013        104.94554730140297       0.92499997932463884       0.70011474633885584     
  0.93999997898936272        104.95154774863987       0.93499997910112143       0.60004473710252593     
  0.94999997876584530        104.95654759587678       0.94499997887760401       0.49998473486667228     
  0.95999997854232788        104.96054694317370       0.95499997865408659       0.39993473863059492     
  0.96999997831881046        104.96354589058060       0.96499997843056917       0.29989474739369387     
  0.97999997809529305        104.96554453813749       0.97499997820705175       0.19986476015546933     
  0.98999997787177563        104.96654298587433       0.98499997798353434        9.9844775915521433E-002
  0.99999997764825821        104.96654133381109       0.99499997776001692       -1.6520632644960453E-004
   1.0099999774247408        104.96553968195778        1.0049999775364995      -0.10016518757064352     
   1.0199999772012234        104.96353813031435        1.0149999773129821      -0.20015516881716006     
   1.0299999769777060        104.96053677887078        1.0249999770894647      -0.30013515106599892     
   1.0399999767541885        104.95653572760703        1.0349999768659472      -0.40010513531705982     
   1.0499999765306711        104.95153507649310        1.0449999766424298      -0.50006512257014257     
   1.0599999763071537        104.94553492548897        1.0549999764189124      -0.60001511382494688     
   1.0699999760836363        104.93853537454461        1.0649999761953950      -0.69995511008107247     
   1.0799999758601189        104.93053652360003        1.0749999759718776      -0.79988511233801918     
   1.0899999756366014        104.92153847258520        1.0849999757483602      -0.89980512159518700     
   1.0999999754130840        104.91154132142013        1.0949999755248427      -0.99971513885187568     
   1.1099999751895666        104.90054517001484        1.1049999753013253       -1.0996151651072854     
   1.1199999749660492        104.88855011826934        1.1149999750778079       -1.1995052013605161     
   1.1299999747425318        104.87555626607366        1.1249999748542905       -1.2993852486105681     
   1.1399999745190144        104.86156371330786        1.1349999746307731       -1.3992553078563417     
   1.1499999742954969        104.84657255984197        1.1449999744072556       -1.4991153800966370     
   1.1599999740719795        104.83058290553606        1.1549999741837382       -1.5989654663301547     
   1.1699999738484621        104.81359485024022        1.1649999739602208       -1.6988055675554954     
   1.1799999736249447        104.79560849379453        1.1749999737367034       -1.7986356847711600     
   1.1899999734014273        104.77662393602911        1.1849999735131860       -1.8984558189755492     
   1.1999999731779099        104.75664127676409        1.1949999732896686       -1.9982659711669641     
   1.2099999729543924        104.73566061580961        1.2049999730661511       -2.0980661423436060     
   1.2199999727308750        104.71368205296584        1.2149999728426337       -2.1978563335035766     
   1.2299999725073576        104.69070568802294        1.2249999726191163       -2.2976365456448771     
   1.2399999722838402        104.66673162076115        1.2349999723955989       -2.3974067797654097     
   1.2499999720603228        104.64175995095069        1.2449999721720815       -2.4971670368629764     
   1.2599999718368053        104.61579077835179        1.2549999719485641       -2.5969173179352789     
   1.2699999716132879        104.58882420271475        1.2649999717250466       -2.6966576239799203     
   1.2799999713897705        104.56086032377985        1.2749999715015292       -2.7963879559944029     
   1.2899999711662531        104.53189924127742        1.2849999712780118       -2.8961083149761300     
   1.2999999709427357        104.50194105492781        1.2949999710544944       -2.9958187019224050     
   1.3099999707192183        104.47098586444142        1.3049999708309770       -3.0955191178304311     
   1.3199999704957008        104.43903376951863        1.3149999706074595       -3.1952095636973121     
   1.3299999702721834        104.40608486984989        1.3249999703839421       -3.2948900405200519     
   1.3399999700486660        104.37213926511568        1.3349999701604247       -3.3945605492955551     
   1.3499999698251486        104.33719705498649        1.3449999699369073       -3.4942210910206262     
   1.3599999696016312        104.30125833912287        1.3549999697133899       -3.5938716666919701     
   1.3699999693781137        104.26432321717537        1.3649999694898725       -3.6935122773061928     
   1.3799999691545963        104.22639178878461        1.3749999692663550       -3.7931429238597993     
   1.3899999689310789        104.18746415358122        1.3849999690428376       -3.8927636073491958     
   1.3999999687075615        104.14754041118587        1.3949999688193202       -3.9923743287706888     
   1.4099999684840441        104.10662066120929        1.4049999685958028       -4.0919750891204849     
   1.4199999682605267        104.06470500325223        1.4149999683722854       -4.1915658893946910     
   1.4299999680370092        104.02179353690548        1.4249999681487679       -4.2911467305893147     
   1.4399999678134918        103.97788636174988        1.4349999679252505       -4.3907176137002644     
   1.4499999675899744        103.93298357735631        1.4449999677017331       -4.4902785397233478     
   1.4599999673664570        103.88708528328567        1.4549999674782157       -4.5898295096542743     
   1.4699999671429396        103.84019157908894        1.4649999672546983       -4.6893705244886528     
   1.4799999669194221        103.79230256430712        1.4749999670311809       -4.7889015852219927     
   1.4899999666959047        103.74341833847127        1.4849999668076634       -4.8884226928497041     
   1.4999999664723873        103.69353900110249        1.4949999665841460       -4.9879338483670983     
   1.5099999662488699        103.64266465171193        1.5049999663606286       -5.0874350527693855     
   1.5199999660253525        103.59079538980077        1.5149999661371112       -5.1869263070516771     
   1.5299999658018351        103.53793131486029        1.5249999659135938       -5.2864076122089854     
   1.5399999655783176        103.48407252637176        1.5349999656900764       -5.3858789692362228     
   1.5499999653548002        103.42921912380655        1.5449999654665589       -5.4853403791282016     
   1.5599999651312828        103.37337120662605        1.5549999652430415       -5.5847918428796364     
   1.5699999649077654        103.31652887428172        1.5649999650195241       -5.6842333614851404     
   1.5799999646842480        103.25869222621508        1.5749999647960067       -5.7836649359392283     
   1.5899999644607306        103.19986136185769        1.5849999645724893       -5.8830865672363153     
   1.5999999642372131        103.14003638063117        1.5949999643489718       -5.9824982563707172     
   1.6099999640136957        103.07921738194722        1.6049999641254544       -6.0819000043366502     
   1.6199999637901783        103.01740446520756        1.6149999639019370       -6.1812918121282303     
   1.6299999635666609        102.95459772980401        1.6249999636784196       -6.2806736807394756     
   1.6399999633431435        102.89079727511842        1.6349999634549022       -6.3800456111643040     
   1.6499999631196260        102.82600320052271        1.6449999632313848       -6.4794076043965347     
   1.6599999628961086        102.76021560537887        1.6549999630078673       -6.5787596614298858     
   1.6699999626725912        102.69343458903897        1.6649999627843499       -6.6781017832579783     
   1.6799999624490738        102.62566025084510        1.6749999625608325       -6.7774339708743314     
   1.6899999622255564        102.55689269012946        1.6849999623373151       -6.8767562252723673     
   1.6999999620020390        102.48713200621428        1.6949999621137977       -6.9760685474454069     
   1.7099999617785215        102.41637829841189        1.7049999618902802       -7.0753709383866736     
   1.7199999615550041        102.34463166602465        1.7149999616667628       -7.1746633990892903     
   1.7299999613314867        102.27189220834505        1.7249999614432454       -7.2739459305462804     
   1.7399999611079693        102.19816002465559        1.7349999612197280       -7.3732185337505687     
   1.7499999608844519        102.12343521422888        1.7449999609962106       -7.4724812096949806     
   1.7599999606609344        102.04771787632757        1.7549999607726932       -7.5717339593722413     
   1.7699999604374170        101.97100811020441        1.7649999605491757       -7.6709767837749778     
   1.7799999602138996        101.89330601510223        1.7749999603256583       -7.7702096838957182     
   1.7899999599903822        101.81461169025391        1.7849999601021409       -7.8694326607268898     
   1.7999999597668648        101.73492523488244        1.7949999598786235       -7.9686457152608217     
   1.8099999595433474        101.65424674820085        1.8049999596551061       -8.0678488484897439     
   1.8199999593198299        101.57257632941227        1.8149999594315886       -8.1670420614057875     
   1.8299999590963125        101.48991407770991        1.8249999592080712       -8.2662253550009819     
   1.8399999588727951        101.40626009227705        1.8349999589845538       -8.3653987302672608     
   1.8499999586492777        101.32161447228707        1.8449999587610364       -8.4645621881964566     
   1.8599999584257603        101.23597731690340        1.8549999585375190       -8.5637157297803022     
   1.8699999582022429        101.14934872527959        1.8649999583140016       -8.6628593560104328     
   1.8799999579787254        101.06172879655927        1.8749999580904841       -8.7619930678783842     
   1.8899999577552080        100.97311762987613        1.8849999578669667       -8.8611168663755908     
   1.8999999575316906        100.88351532435397        1.8949999576434493       -8.9602307524933913     
   1.9099999573081732        100.79292197910665        1.9049999574199319       -9.0593347272230229     
   1.9199999570846558        100.70133769323816        1.9149999571964145       -9.1584287915556253     
   1.9299999568611383        100.60876256584255        1.9249999569728971       -9.2575129464822368     
   1.9399999566376209        100.51519669600398        1.9349999567493796       -9.3565871929937980     
   1.9499999564141035        100.42064018279667        1.9449999565258622       -9.4556515320811521     
   1.9599999561905861        100.32509312528497        1.9549999563023448       -9.5547059647350405     
   1.9699999559670687        100.22855562252329        1.9649999560788274       -9.6537504919461057     
   1.9799999557435513        100.13102777355616        1.9749999558553100       -9.7527851147048921     
   1.9899999555200338        100.03250967741819        1.9849999556317925       -9.8518098340018465     
   1.9999999552965164        99.933001433134095        1.9949999554082751       -9.9508246508273128     
   2.0099999550729990        99.832503139718696        2.0049999551847577       -10.049829566171539     
   2.0199999548494816        99.731014896176887        2.0149999549612403       -10.148824581024673     
   2.0299999546259642        99.628536801503685        2.0249999547377229       -10.247809696376764     
   2.0399999544024467        99.525068954684201        2.0349999545142055       -10.346784913217764     
   2.0499999541789293        99.420611454693628        2.0449999542906880       -10.445750232537522     
   2.0599999539554119        99.315164400497295        2.0549999540671706       -10.544705655325791     
   2.0699999537318945        99.208727891050614        2.0649999538436532       -10.643651182572222     
   2.0799999535083771        99.101302025299105        2.0749999536201358       -10.742586815266371     
   2.0899999532848597        98.992886902178398        2.0849999533966184       -10.841512554397694     
   2.0999999530613422        98.883482620614217        2.0949999531731009       -10.940428400955545     
   2.1099999528378248        98.773089279522409        2.1049999529495835       -11.039334355929183     
   2.1199999526143074        98.661706977808919        2.1149999527260661       -11.138230420307766     
   2.1299999523907900        98.549335814369812        2.1249999525025487       -11.237116595080352     
   2.1399999521672726        98.435975888091249        2.1349999522790313       -11.335992881235903     
   2.1499999519437551        98.321627297849503        2.1449999520555139       -11.434859279763280     
   2.1599999517202377        98.206290142510980        2.1549999518319964       -11.533715791651248     
   2.1699999514967203        98.089964520932170        2.1649999516084790       -11.632562417888469     
   2.1799999512732029        97.972650531959701        2.1749999513849616       -11.731399159463507     
   2.1899999510496855        97.854348274430308        2.1849999511614442       -11.830226017364829     
   2.1999999508261681        97.735057847170850        2.1949999509379268       -11.929042992580804     
   2.2099999506026506        97.614779348998283        2.2049999507144094       -12.027850086099699     
   2.2199999503791332        97.493512878719699        2.2149999504908919       -12.126647298909683     
   2.2299999501556158        97.371258535132313        2.2249999502673745       -12.225434631998828     
   2.2399999499320984        97.248016417023436        2.2349999500438571       -12.324212086355105     
   2.2499999497085810        97.123786623170531        2.2449999498203397       -12.422979662966389     
   2.2599999494850636        96.998569252341156        2.2549999495968223       -12.521737362820453     
   2.2699999492615461        96.872364403293005        2.2649999493733048       -12.620485186904974     
   2.2799999490380287        96.745172174773899        2.2749999491497874       -12.719223136207527     
   2.2899999488145113        96.616992665521778        2.2849999489262700       -12.817951211715592     
   2.2999999485909939        96.487825974264709        2.2949999487027526       -12.916669414416546     
   2.3099999483674765        96.357672199720895        2.3049999484792352       -13.015377745297672     
   2.3199999481439590        96.226531440598663        2.3149999482557178       -13.114076205346151     
   2.3299999479204416        96.094403795596449        2.3249999480322003       -13.212764795549067     
   2.3399999476969242        95.961289363402855        2.3349999478086829       -13.311443516893403     
   2.3499999474734068        95.827188242696593        2.3449999475851655       -13.410112370366047     
   2.3599999472498894        95.692100532146497        2.3549999473616481       -13.508771356953783     
   2.3699999470263720        95.556026330411555        2.3649999471381307       -13.607420477643302     
   2.3799999468028545        95.418965736140890        2.3749999469146132       -13.706059733421194     
   2.3899999465793371        95.280918847973737        2.3849999466910958       -13.804689125273949     
   2.3999999463558197        95.141885764539495        2.3949999464675784       -13.903308654187960     
   2.4099999461323023        95.001866584457673        2.4049999462440610       -14.001918321149519     
   2.4199999459087849        94.860861406337932        2.4149999460205436       -14.100518127144824     
   2.4299999456852674        94.718870328780085        2.4249999457970262       -14.199108073159969     
   2.4399999454617500        94.575893450374053        2.4349999455735087       -14.297688160180954     
   2.4499999452382326        94.431930869699926        2.4449999453499913       -14.396258389193678     
   2.4599999450147152        94.286982685327928        2.4549999451264739       -14.494818761183941     
   2.4699999447911978        94.141048995818423        2.4649999449029565       -14.593369277137446     
   2.4799999445676804        93.994129899721926        2.4749999446794391       -14.691909938039796     
   2.4899999443441629        93.846225495579077        2.4849999444559216       -14.790440744876495     
   2.4999999441206455        93.697335881920694        2.4949999442324042       -14.888961698632951     
   2.5099999438971281        93.547461157267705        2.5049999440088868       -14.987472800294473     
   2.5199999436736107        93.396601420131219        2.5149999437853694       -15.085974050846268     
   2.5299999434500933        93.244756769012483        2.5249999435618520       -15.184465451273448     
   2.5399999432265759        93.091927302402880        2.5349999433383346       -15.282947002561027     
   2.5499999430030584        92.938113118783960        2.5449999431148171       -15.381418705693918     
   2.5599999427795410        92.783314316627411        2.5549999428912997       -15.479880561656934     
   2.5699999425560236        92.627530994395087        2.5649999426677823       -15.578332571434794     
   2.5799999423325062        92.470763250538994        2.5749999424442649       -15.676774736012117     
   2.5899999421089888        92.313011183501288        2.5849999422207475       -15.775207056373421     
   2.5999999418854713        92.154274891714294        2.5949999419972301       -15.873629533503131     
   2.6099999416619539        91.994554473600473        2.6049999417737126       -15.972042168385567     
   2.6199999414384365        91.833850027572453        2.6149999415501952       -16.070444962004956     
   2.6299999412149191        91.672161652033012        2.6249999413266778       -16.168837915345421     
   2.6399999409914017        91.509489445375110        2.6349999411031604       -16.267221029390992     
   2.6499999407678843        91.345833505981844        2.6449999408796430       -16.365594305125597     
   2.6599999405443668        91.181193932226492        2.6549999406561255       -16.463957743533072     
   2.6699999403208494        91.015570822472483        2.6649999404326081       -16.562311345597145     
   2.6799999400973320        90.848964275073413        2.6749999402090907       -16.660655112301452     
   2.6899999398738146        90.681374388373044        2.6849999399855733       -16.758989044629526     
   2.6999999396502972        90.512801260705302        2.6949999397620559       -16.857313143564809     
   2.7099999394267797        90.343244990394268        2.7049999395385385       -16.955627410090635     
   2.7199999392032623        90.172705675754216        2.7149999393150210       -17.053931845190249     
   2.7299999389797449        90.001183415089571        2.7249999390915036       -17.152226449846793     
   2.7399999387562275        89.828678306694925        2.7349999388679862       -17.250511225043311     
   2.7499999385327101        89.655190448855052        2.7449999386444688       -17.348786171762750     
   2.7599999383091927        89.480719939844889        2.7549999384209514       -17.447051290987954     
   2.7699999380856752        89.305266877929554        2.7649999381974339       -17.545306583701674     
   2.7799999378621578        89.128831361364334        2.7749999379739165       -17.643552050886562     
   2.7899999376386404        88.951413488394678        2.7849999377503991       -17.741787693525172     
   2.7999999374151230        88.773013357256232        2.7949999375268817       -17.840013512599956     
   2.8099999371916056        88.593631066174808        2.8049999373033643       -17.938229509093272     
   2.8199999369680882        88.413266713366397        2.8149999370798469       -18.036435683987378     
   2.8299999367445707        88.231920397037157        2.8249999368563294       -18.134632038264435     
   2.8399999365210533        88.049592215383441        2.8349999366328120       -18.232818572906503     
   2.8499999362975359        87.866282266591782        2.8449999364092946       -18.330995288895544     
   2.8599999360740185        87.681990648838891        2.8549999361857772       -18.429162187213425     
   2.8699999358505011        87.496717460291649        2.8649999359622598       -18.527319268841914     
   2.8799999356269836        87.310462799107142        2.8749999357387424       -18.625466534762680     
   2.8899999354034662        87.123226763432626        2.8849999355152249       -18.723603985957293     
   2.8999999351799488        86.935009451405534        2.8949999352917075       -18.821731623407224     
   2.9099999349564314        86.745810961153509        2.9049999350681901       -18.919849448093849     
   2.9199999347329140        86.555631390794375        2.9149999348446727       -19.017957460998446     
   2.9299999345093966        86.364470838436119        2.9249999346211553       -19.116055663102188     
   2.9399999342858791        86.172329402176956        2.9349999343976378       -19.214144055386157     
   2.9499999340623617        85.979207180105263        2.9449999341741204       -19.312222638831336     
   2.9599999338388443        85.785104270299612        2.9549999339506030       -19.410291414418612     
   2.9699999336153269        85.590020770828787        2.9649999337270856       -19.508350383128768     
   2.9799999333918095        85.393956779751733        2.9749999335035682       -19.606399545942491     
   2.9899999331682920        85.196912395117607        2.9849999332800508       -19.704438903840369     
   2.9999999329447746        84.998887714965775        2.9949999330565333       -19.802468457802895     
   3.0099999327212572        84.799882837325782        3.0049999328330159       -19.900488208810465     
   3.0199999324977398        84.599897860217368        3.0149999326094985       -19.998498157843372     
   3.0299999322742224        84.398932881650467        3.0249999323859811       -20.096498305881813     
   3.0399999320507050        84.196987999625222        3.0349999321624637       -20.194488653905889     
   3.0499999318271875        83.994063312131985        3.0449999319389462       -20.292469202895600     
   3.0599999316036701        83.790158917151288        3.0549999317154288       -20.390439953830850     
   3.0699999313801527        83.585274912653887        3.0649999314919114       -20.488400907691446     
   3.0799999311566353        83.379411396600730        3.0749999312683940       -20.586352065457092     
   3.0899999309331179        83.172568466942963        3.0849999310448766       -20.684293428107399     
   3.0999999307096004        82.964746221621937        3.0949999308213592       -20.782224996621881     
   3.1099999304860830        82.755944758569214        3.1049999305978417       -20.880146771979948     
   3.1199999302625656        82.546164175706565        3.1149999303743243       -20.978058755160916     
   3.1299999300390482        82.335404570945968        3.1249999301508069       -21.075960947144004     
   3.1399999298155308        82.123666042189612        3.1349999299272895       -21.173853348908331     
   3.1499999295920134        81.910948687329892        3.1449999297037721       -21.271735961432920     
   3.1599999293684959        81.697252604249400        3.1549999294802547       -21.369608785696695     
   3.1699999291449785        81.482577890820963        3.1649999292567372       -21.467471822678480     
   3.1799999289214611        81.266924644907618        3.1749999290332198       -21.565325073357005     
   3.1899999286979437        81.050292964362612        3.1849999288097024       -21.663168538710899     
   3.1999999284744263        80.832682947029383        3.1949999285861850       -21.761002219718694     
   3.2099999282509089        80.614094690741624        3.2049999283626676       -21.858826117358827     
   3.2199999280273914        80.394528293323219        3.2149999281391501       -21.956640232609633     
   3.2299999278038740        80.173983852588279        3.2249999279156327       -22.054444566449352     
   3.2399999275803566        79.952461466341134        3.2349999276921153       -22.152239119856123     
   3.2499999273568392        79.729961232376326        3.2449999274685979       -22.250023893807992     
   3.2599999271333218        79.506483248478617        3.2549999272450805       -22.347798889282902     
   3.2699999269098043        79.282027612423008        3.2649999270215631       -22.445564107258704     
   3.2799999266862869        79.056594421974694        3.2749999267980456       -22.543319548713143     
   3.2899999264627695        78.830183774889122        3.2849999265745282       -22.641065214623875     
   3.2999999262392521        78.602795768911960        3.2949999263510108       -22.738801105968452     
   3.3099999260157347        78.374430501779074        3.3049999261274934       -22.836527223724332     
   3.3199999257922173        78.145088071216591        3.3149999259039760       -22.934243568868872     
   3.3299999255686998        77.914768574940837        3.3249999256804585       -23.031950142379337     
   3.3399999253451824        77.683472110658386        3.3349999254569411       -23.129646945232885     
   3.3499999251216650        77.451198776066036        3.3449999252334237       -23.227333978406584     
   3.3599999248981476        77.217948668850809        3.3549999250099063       -23.325011242877402     
   3.3699999246746302        76.983721886689963        3.3649999247863889       -23.422678739622210     
   3.3799999244511127        76.748518527250994        3.3749999245628715       -23.520336469617781     
   3.3899999242275953        76.512338688191619        3.3849999243393540       -23.617984433840789     
   3.3999999240040779        76.275182467159794        3.3949999241158366       -23.715622633267813     
   3.4099999237805605        76.037049961793713        3.4049999238923192       -23.813251068875328     
   3.4199999235570431        75.797941269721818        3.4149999236688018       -23.910869741639718     
   3.4299999233335257        75.557856488562763        3.4249999234452844       -24.008478652537271     
   3.4399999231100082        75.316795715925451        3.4349999232217669       -24.106077802544171     
   3.4499999228864908        75.074759049409025        3.4449999229982495       -24.203667192636505     
   3.4599999226629734        74.831746586602875        3.4549999227747321       -24.301246823790265     
   3.4699999224394560        74.587758425086619        3.4649999225512147       -24.398816696981346     
   3.4799999222159386        74.342794662430137        3.4749999223276973       -24.496376813185545     
   3.4899999219924212        74.096855396193519        3.4849999221041799       -24.593927173378560     
   3.4999999217689037        73.849940723927133        3.4949999218806624       -24.691467778535991     
   3.5099999215453863        73.602050743171574        3.5049999216571450       -24.788998629633344     
   3.5199999213218689        73.353185551457685        3.5149999214336276       -24.886519727646021     
   3.5299999210983515        73.103345246306560        3.5249999212101102       -24.984031073549335     
   3.5399999208748341        72.852529925229533        3.5349999209865928       -25.081532668318495     
   3.5499999206513166        72.600739685728200        3.5449999207630754       -25.179024512928613     
   3.5599999204277992        72.347974625294398        3.5549999205395579       -25.276506608354705     
   3.5699999202042818        72.094234841410213        3.5649999203160405       -25.373978955571690     
   3.5799999199807644        71.839520431547982        3.5749999200925231       -25.471441555554389     
   3.5899999197572470        71.583831493170294        3.5849999198690057       -25.568894409277526     
   3.5999999195337296        71.327168123730004        3.5949999196454883       -25.666337517715725     
   3.6099999193102121        71.069530420670219        3.6049999194219708       -25.763770881843516     
   3.6199999190866947        70.810918481424295        3.6149999191984534       -25.861194502635332     
   3.6299999188631773        70.551332403415842        3.6249999189749360       -25.958608381065503     
   3.6399999186396599        70.290772284058733        3.6349999187514186       -26.056012518108265     
   3.6499999184161425        70.029238220757094        3.6449999185279012       -26.153406914737758     
   3.6599999181926250        69.766730310905317        3.6549999183043838       -26.250791571928026     
   3.6699999179691076        69.503248651888057        3.6649999180808663       -26.348166490653011     
   3.6799999177455902        69.238793341080225        3.6749999178573489       -26.445531671886556     
   3.6899999175220728        68.973364475846992        3.6849999176338315       -26.542887116602415     
   3.6999999172985554        68.706962153543799        3.6949999174103141       -26.640232825774238     
   3.7099999170750380        68.439586471516350        3.7049999171867967       -26.737568800375577     
   3.7199999168515205        68.171237527100615        3.7149999169632792       -26.834895041379891     
   3.7299999166280031        67.901915417622831        3.7249999167397618       -26.932211549760542     
   3.7399999164044857        67.631620240399485        3.7349999165162444       -27.029518326490788     
   3.7499999161809683        67.360352092737358        3.7449999162927270       -27.126815372543795     
   3.7599999159574509        67.088111071933497        3.7549999160692096       -27.224102688892632     
   3.7699999157339334        66.814897275275200        3.7649999158456922       -27.321380276510268     
   3.7799999155104160        66.540710800040046        3.7749999156221747       -27.418648136369580     
   3.7899999152868986        66.265551743495891        3.7849999153986573       -27.515906269443338     
   3.7999999150633812        65.989420202900874        3.7949999151751399       -27.613154676704227     
   3.8099999148398638        65.712316275503383        3.8049999149516225       -27.710393359124822     
   3.8199999146163464        65.434240058542102        3.8149999147281051       -27.807622317677609     
   3.8299999143928289        65.155191649245964        3.8249999145045877       -27.904841553334975     
   3.8399999141693115        64.875171144834212        3.8349999142810702       -28.002051067069210     
   3.8499999139457941        64.594178642516354        3.8449999140575528       -28.099250859852507     
   3.8599999137222767        64.312214239492178        3.8549999138340354       -28.196440932656962     
   3.8699999134987593        64.029278032951751        3.8649999136105180       -28.293621286454570     
   3.8799999132752419        63.745370120075414        3.8749999133870006       -28.390791922217232     
   3.8899999130517244        63.460490598033800        3.8849999131634831       -28.487952840916755     
   3.8999999128282070        63.174639563987817        3.8949999129399657       -28.585104043524840     
   3.9099999126046896        62.887817115088666        3.9049999127164483       -28.682245531013098     
   3.9199999123811722        62.600023348477826        3.9149999124929309       -28.779377304353041     
   3.9299999121576548        62.311258361287067        3.9249999122694135       -28.876499364516086     
   3.9399999119341373        62.021522250638441        3.9349999120458961       -28.973611712473549     
   3.9499999117106199        61.730815113644283        3.9449999118223786       -29.070714349196649     
   3.9599999114871025        61.439137047407229        3.9549999115988612       -29.167807275656511     
   3.9699999112635851        61.146488149020200        3.9649999113753438       -29.264890492824161     
   3.9799999110400677        60.852868515566406        3.9749999111518264       -29.361964001670529     
   3.9899999108165503        60.558278244119350        3.9849999109283090       -29.459027803166446     
   3.9999999105930328        60.262717431742821        3.9949999107047915       -29.556081898282649     
   4.0099999103695154        59.966186175490911        4.0049999104812741       -29.653126287989771     
   4.0199999101459980        59.668684572408004        4.0149999102577567       -29.750160973258357     
   4.0299999099224806        59.370212719528780        4.0249999100342393       -29.847185955058851     
   4.0399999096989632        59.070770713878211        4.0349999098107219       -29.944201234361600     
   4.0499999094754457        58.770358652471579        4.0449999095872045       -30.041206812136849     
   4.0599999092519283        58.468976632314444        4.0549999093636870       -30.138202689354756     
   4.0699999090284109        58.166624750402683        4.0649999091401696       -30.235188866985375     
   4.0799999088048935        57.863303103722465        4.0749999089166522       -30.332165345998664     
   4.0899999085813761        57.559011789250263        4.0849999086931348       -30.429132127364486     
   4.0999999083578587        57.253750903952849        4.0949999084696174       -30.526089212052604     
   4.1099999081343412        56.947520544787302        4.1049999082460999       -30.623036601032688     
   4.1199999079108238        56.640320808701006        4.1149999080225825       -30.719974295274305     
   4.1299999076873064        56.332151792631649        4.1249999077990651       -30.816902295746932     
   4.1399999074637890        56.023013593507230        4.1349999075755477       -30.913820603419946     
   4.1499999072402716        55.712906308246041        4.1449999073520303       -31.010729219262625     
   4.1599999070167542        55.401830033756696        4.1549999071285129       -31.107628144244153     
   4.1699999067932367        55.089784866938110        4.1649999069049954       -31.204517379333616     
   4.1799999065697193        54.776770904679516        4.1749999066814780       -31.301396925500004     
   4.1899999063462019        54.462788243860452        4.1849999064579606       -31.398266783712209     
   4.1999999061226845        54.147836981350771        4.1949999062344432       -31.495126954939025     
   4.2099999058991671        53.831917214010637        4.2049999060109258       -31.591977440149151     
   4.2199999056756496        53.515029038690528        4.2149999057874084       -31.688818240311189     
   4.2299999054521322        53.197172552231237        4.2249999055638909       -31.785649356393645     
   4.2399999052286148        52.878347851463872        4.2349999053403735       -31.882470789364923     
   4.2499999050050974        52.558555033209863        4.2449999051168561       -31.979282540193338     
   4.2599999047815800        52.237794194280958        4.2549999048933387       -32.076084609847101     
   4.2699999045580626        51.916065431479211        4.2649999046698213       -32.172876999294331     
   4.2799999043345451        51.593368841597012        4.2749999044463038       -32.269659709503053     
   4.2899999041110277        51.269704521417061        4.2849999042227864       -32.366432741441187     
   4.2999999038875103        50.945072567712387        4.2949999039992690       -32.463196096076558     
   4.3099999036639929        50.619473077246333        4.3049999037757516       -32.559949774376896     
   4.3199999034404755        50.292906146772573        4.3149999035522342       -32.656693777309840     
   4.3299999032169580        49.965371873035103        4.3249999033287168       -32.753428105842922     
   4.3399999029934406        49.636870352768248        4.3349999031051993       -32.850152760943580     
   4.3499999027699232        49.307401682696657        4.3449999028816819       -32.946867743579162     
   4.3599999025464058        48.976965959535299        4.3549999026581645       -33.043573054716916     
   4.3699999023228884        48.645563279989489        4.3649999024346471       -33.140268695323989     
   4.3799999020993710        48.313193740754855        4.3749999022111297       -33.236954666367431     
   4.3899999018758535        47.979857438517357        4.3849999019876122       -33.333630968814198     
   4.3999999016523361        47.645554469953296        4.3949999017640948       -33.430297603631153     
   4.4099999014288187        47.310284931729306        4.4049999015405774       -33.526954571785062     
   4.4199999012053013        46.974048920502341        4.4149999013170600       -33.623601874242588     
   4.4299999009817839        46.636846532919698        4.4249999010935426       -33.720239511970298     
   4.4399999007582664        46.298677865619013        4.4349999008700252       -33.816867485934665     
   4.4499999005347490        45.959543015228249        4.4449999006465077       -33.913485797102069     
   4.4599999003112316        45.619442078365708        4.4549999004229903       -34.010094446438792     
   4.4699999000877142        45.278375151640041        4.4649999001994729       -34.106693434911008     
   4.4799998998641968        44.936342331650224        4.4749998999759555       -34.203282763484815     
   4.4899998996406794        44.593343714985579        4.4849998997524381       -34.299862433126194     
   4.4999998994171619        44.249379398225770        4.4949998995289207       -34.396432444801036     
   4.5099998991936445        43.904449477940801        4.5049998993054032       -34.492992799475147     
   4.5199998989701271        43.558554050691022        4.5149998990818858       -34.589543498114217     
   4.5299998987466097        43.211693213027125        4.5249998988583684       -34.686084541683861     
   4.5399998985230923        42.863867061490147        4.5349998986348510       -34.782615931149579     
   4.5499998982995749        42.515075692611475        4.5449998984113336       -34.879137667476783     
   4.5599998980760574        42.165319202912833        4.5549998981878161       -34.975649751630783     
   4.5699998978525400        41.814597688906304        4.5649998979642987       -35.072152184576801     
   4.5799998976290226        41.462911247094311        4.5749998977407813       -35.168644967279953     
   4.5899998974055052        41.110259973969626        4.5849998975172639       -35.265128100705269     
   4.5999998971819878        40.756643966015382        4.5949998972937465       -35.361601585817674     
   4.6099998969584703        40.402063319705057        4.6049998970702291       -35.458065423581999     
   4.6199998967349529        40.046518131502481        4.6149998968467116       -35.554519614962977     
   4.6299998965114355        39.690008497861839        4.6249998966231942       -35.650964160925248     
   4.6399998962879181        39.332534515227671        4.6349998963996768       -35.747399062433352     
   4.6499998960644007        38.974096280034871        4.6449998961761594       -35.843824320451738     
   4.6599998958408833        38.614693888708693        4.6549998959526420       -35.940239935944753     
   4.6699998956173658        38.254327437664742        4.6649998957291245       -36.036645909876647     
   4.6799998953938484        37.892997023308993        4.6749998955056071       -36.133042243211584     
   4.6899998951703310        37.530702742037768        4.6849998952820897       -36.229428936913614     
   4.6999998949468136        37.167444690237751        4.6949998950585723       -36.325805991946709     
   4.7099998947232962        36.803222964285993        4.7049998948350549       -36.422173409274727     
   4.7199998944997787        36.438037660549909        4.7149998946115375       -36.518531189861442     
   4.7299998942762613        36.071888875387266        4.7249998943880200       -36.614879334670533     
   4.7399998940527439        35.704776705146209        4.7349998941645026       -36.711217844665576     
   4.7499998938292265        35.336701246165234        4.7449998939409852       -36.807546720810045     
   4.7599998936057091        34.967662594773216        4.7549998937174678       -36.903865964067329     
   4.7699998933821917        34.597660847289390        4.7649998934939504       -37.000175575400718     
   4.7799998931586742        34.226696100023368        4.7749998932704329       -37.096475555773409     
   4.7899998929351568        33.854768449275113        4.7849998930469155       -37.192765906148495     
   4.7999998927116394        33.481877991334976        4.7949998928233981       -37.289046627488972     
   4.8099998924881220        33.108024822483671        4.8049998925998807       -37.385317720757740     
   4.8199998922646046        32.733209038992278        4.8149998923763633       -37.481579186917614     
   4.8299998920410872        32.357430737122264        4.8249998921528459       -37.577831026931307     
   4.8399998918175697        31.980690013125461        4.8349998919293284       -37.674073241761427     
   4.8499998915940523        31.602986963244078        4.8449998917058110       -37.770305832370489     
   4.8599998913705349        31.224321683710698        4.8549998914822936       -37.866528799720925     
   4.8699998911470175        30.844694270748281        4.8649998912587762       -37.962742144775056     
   4.8799998909235001        30.464104820570167        4.8749998910352588       -38.058945868495108     
   4.8899998906999826        30.082553429380074        4.8849998908117414       -38.155139971843219     
   4.8999998904764652        29.700040193372097        4.8949998905882239       -38.251324455781429     
   4.9099998902529478        29.316565208730715        4.9049998903647065       -38.347499321271677     
   4.9199998900294304        28.932128571630784        4.9149998901411891       -38.443664569275803     
   4.9299998898059130        28.546730378237548        4.9249998899176717       -38.539820200755557     
   4.9399998895823956        28.160370724706635        4.9349998896941543       -38.635966216672593     
   4.9499998893588781        27.773049707184050        4.9449998894706368       -38.732102617988467     
   4.9599998891353607        27.384767421806188        4.9549998892471194       -38.828229405664636     
   4.9699998889118433        26.995523964699832        4.9649998890236020       -38.924346580662473     
   4.9799998886883259        26.605319431982149        4.9749998888000846       -39.020454143943240     
   4.9899998884648085        26.214153919760697        4.9849998885765672       -39.116552096468105     
   4.9999998882412910        25.822027524133425        4.9949998883530498       -39.212640439198147     
   5.0099998880177736        25.428940341188664        5.0049998881295323       -39.308719173094346     
   5.0199998877942562        25.034892467005143        5.0149998879060149       -39.404788299117584     
   5.0299998875707388        24.639883997651985        5.0249998876824975       -39.500847818228650     
   5.0399998873472214        24.243915029188699        5.0349998874589801       -39.596897731388232     
   5.0499998871237040        23.846985657665194        5.0449998872354627       -39.692938039556928     
   5.0599998869001865        23.449095979121768        5.0549998870119452       -39.788968743695243     
   5.0699998866766691        23.050246089589123        5.0649998867884278       -39.884989844763567     
   5.0799998864531517        22.650436085088351        5.0749998865649104       -39.981001343722212     
   5.0899998862296343        22.249666061630947        5.0849998863413930       -40.077003241531393     
   5.0999998860061169        21.847936115218801        5.0949998861178756       -40.172995539151223     
   5.1099998857825994        21.445246341844200        5.1049998858943582       -40.268978237541724     
   5.1199998855590820        21.041596837489841        5.1149998856708407       -40.364951337662809     
   5.1299998853355646        20.636987698128817        5.1249998854473233       -40.460914840474317     
   5.1399998851120472        20.231419019724623        5.1349998852238059       -40.556868746935969     
   5.1499998848885298        19.824890898231160        5.1449998850002885       -40.652813058007403     
   5.1599998846650124        19.417403429592735        5.1549998847767711       -40.748747774648159     
   5.1699998844414949        19.008956709744055        5.1649998845532537       -40.844672897817681     
   5.1799998842179775        18.599550834610238        5.1749998843297362       -40.940588428475316     
   5.1899998839944601        18.189185900106807        5.1849998841062188       -41.036494367580310     
   5.1999998837709427        17.777862002139695        5.1949998838827014       -41.132390716091827     
   5.2099998835474253        17.365579236605246        5.2049998836591840       -41.228277474968920     
   5.2199998833239079        16.952337699390210        5.2149998834356666       -41.324154645170552     
   5.2299998831003904        16.538137486371749        5.2249998832121491       -41.420022227655593     
   5.2399998828768730        16.122978693417444        5.2349998829886317       -41.515880223382815     
   5.2499998826533556        15.706861416385282        5.2449998827651143       -41.611728633310896     
   5.2599998824298382        15.289785751123665        5.2549998825415969       -41.707567458398408     
   5.2699998822063208        14.871751793471415        5.2649998823180795       -41.803396699603844     
   5.2799998819828033        14.452759639257764        5.2749998820945621       -41.899216357885585     
   5.2899998817592859        14.032809384302364        5.2849998818710446       -41.995026434201925     
   5.2999998815357685        13.611901124415287        5.2949998816475272       -42.090826929511060     
   5.3099998813122511        13.190034955397019        5.3049998814240098       -42.186617844771092     
   5.3199998810887337        12.767210973038472        5.3149998812004924       -42.282399180940033     
   5.3299998808652163        12.343429273120973        5.3249998809769750       -42.378170938975778     
   5.3399998806416988        11.918689951416276        5.3349998807534575       -42.473933119836154     
   5.3499998804181814        11.492993103686553        5.3449998805299401       -42.569685724478866     
   5.3599998801946640        11.066338825684404        5.3549998803064227       -42.665428753861548     
   5.3699998799711466        10.638727213152851        5.3649998800829053       -42.761162208941720     
   5.3799998797476292        10.210158361825343        5.3749998798593879       -42.856886090676809     
   5.3899998795241117        9.7806323674257563        5.3849998796358705       -42.952600400024153     
   5.3999998793005943        9.3501493256683919        5.3949998794123530       -43.048305137940986     
   5.4099998790770769        8.9187093322579827        5.4049998791888356       -43.144000305384459     
   5.4199998788535595        8.4863124828896890        5.4149998789653182       -43.239685903311617     
   5.4299998786300421        8.0529588732491035        5.4249998787418008       -43.335361932679412     
   5.4399998784065247        7.6186485990122481        5.4349998785182834       -43.431028394444695     
   5.4499998781830072        7.1833817558455779        5.4449998782947659       -43.526685289564227     
   5.4599998779594898        6.7471584394059825        5.4549998780712485       -43.622332618994676     
   5.4699998777359724        6.3099787453407838        5.4649998778477311       -43.717970383692609     
   5.4799998775124550        5.8718427692877411        5.4749998776242137       -43.813598584614503     
   5.4899998772889376        5.4327506068750484        5.4849998774006963       -43.909217222716727     
   5.4999998770654202        4.9927023537213380        5.4949998771771789       -44.004826298955571     
   5.5099998768419027        4.5516981054356789        5.5049998769536614       -44.100425814287220     
   5.5199998766183853        4.1097379576175808        5.5149998767301440       -44.196015769667760     
   5.5299998763948679        3.6668220058569920        5.5249998765066266       -44.291596166053189     
   5.5399998761713505        3.2229503457343029        5.5349998762831092       -44.387167004399409     
   5.5499998759478331        2.7781230728203452        5.5449998760595918       -44.482728285662219     
   5.5599998757243156        2.3323402826763941        5.5549998758360744       -44.578280010797329     
   5.5699998755007982        1.8856020708541679        5.5649998756125569       -44.673822180760354     
   5.5799998752772808        1.4379085328958303        5.5749998753890395       -44.769354796506811     
   5.5899998750537634       0.98925976433399065        5.5849998751655221       -44.864877858992124     
   5.5999998748302460       0.53965586069170512        5.5949998749420047       -44.960391369171610     
   5.6099998746067286        8.9096917482477389E-002   5.6049998747184873       -45.055895328000510     
