           4   7.1137027110855511E-003   9.5157185224165053E-004   5.0169532364960356E-004
           8   1.7376897085270571E-003   5.4314625659135363E-005   5.5025227797544929E-006
          16   4.3193219600226596E-004   3.3203081727106731E-006   7.9312993089830641E-008
          32   1.0782826388766598E-004   2.0638015049700975E-007   1.2150510320108054E-009
          64   2.6947405186023010E-005   1.2881047978252624E-008   1.8892193365260823E-011
         128   6.7362477045862512E-006   8.0478904096459303E-010   2.9479196861359469E-013
         256   1.6840242049731557E-006   5.0295212439266379E-011   4.6074255521943996E-015
         512   4.2100369390674075E-007   3.1434854719236682E-012   2.4980018054066022E-016
        1024   1.0525077576151176E-007   1.9614865287564953E-013   5.5511151231257827E-017
        2048   2.6312685447171802E-008   1.2517764602648640E-014   3.3306690738754696E-016
        4096   6.5781706193313028E-009   1.2212453270876722E-015   3.3306690738754696E-016
