   0.0000000000000000        0.0000000000000000       0.17453292519943295        1.5230870989335428E-002
  0.10000000149011612       -1.7453292780017619E-002  0.17278759589542375        1.5080085362092637E-002
  0.20000000298023224       -3.4732052627033577E-002  0.16931439058096559        1.4936839168745400E-002
  0.30000000447034836       -5.1663491937428238E-002  0.16414804131023816        1.4806847932578183E-002
  0.40000000596046448       -6.8078296313051692E-002  0.15734021157748843        1.4695298304068245E-002
  0.50000000745058060       -8.3812317705255712E-002  0.14895897968207278        1.4606641113525446E-002
  0.60000000894069672       -9.8708215895429163E-002  0.13908815794544316        1.4544413782957597E-002
  0.70000001043081284      -0.11261703189723099       0.12782645458790762        1.4511099182928176E-002
  0.80000001192092896      -0.12539967754649800       0.11528648664639773        1.4508026566017858E-002
  0.90000001341104507      -0.13692832638292801       0.10159365380406582        1.4535318529645019E-002
   1.0000000149011612      -0.14708769191472093        8.6884884393415990E-002   1.4591886124428561E-002
   1.1000000163912773      -0.15577618048353109        7.1307266112938278E-002   1.4675472303269524E-002
   1.2000000178813934      -0.16290690720108103        5.5016575150079967E-002   1.4782741977533011E-002
   1.3000000193715096      -0.16840856479807012        3.8175718419324642E-002   1.4909415087088672E-002
   1.4000000208616257      -0.17222613669688883        2.0953104492998816E-002   1.5050437374714981E-002
   1.5000000223517418      -0.17432144717741127        3.5209595154984917E-003   1.5200182050968384E-002
   1.6000000238418579      -0.17467354313420777       -1.3946395058206149E-002   1.5352674303088750E-002
   1.7000000253319740      -0.17327890360760539       -3.1274285677172373E-002   1.5501829690035596E-002
   1.8000000268220901      -0.17015147499328584       -4.8289433430046408E-002   1.5641696911692829E-002
   1.9000000283122063      -0.16532253157832433       -6.4821686834228606E-002   1.5766695265750426E-002
   2.0000000298023224      -0.15884036279830963       -8.0705723350750158E-002   1.5871837317733221E-002
   2.1000000312924385      -0.15076979034297372       -9.5782702609712028E-002   1.5952927899642394E-002
   2.2000000327825546      -0.14119151993927517      -0.10990185481403131        1.6006731497163577E-002
   2.3000000342726707      -0.13020133429410552      -0.12292198843745697        1.6031101346691862E-002
   2.4000000357627869      -0.11790913526719178      -0.13471290213987444        1.6025065091202158E-002
   2.5000000372529030      -0.10443784485246647      -0.14515668678074561        1.5988863577295676E-002
   2.6000000387430191       -8.9922175958091599E-002 -0.15414890451054925        1.5923941245420209E-002
   2.7000000402331352       -7.4507285277336910E-002 -0.16159963314930745        1.5832888496694605E-002
   2.8000000417232513       -5.8347321721603951E-002 -0.16743436540841214        1.5719338335901018E-002
   2.9000000432133675       -4.1603884931266086E-002 -0.17159475396353335        1.5587821414589788E-002
   3.0000000447034836       -2.4444409279216643E-002 -0.17403919492788003        1.5443585258077238E-002
   3.1000000461935997       -7.0404895270900318E-003 -0.17474324389108017        1.5292384889179297E-002
   3.2000000476837158        1.0433835122405710E-002 -0.17369986036329199        1.5140253202794341E-002
   3.3000000491738319        2.7803821417567872E-002 -0.17091947818010428        1.4993260253389575E-002
   3.4000000506639481        4.4895769490268168E-002 -0.16642990116417755        1.4857271059820602E-002
   3.5000000521540642        6.1538759854685807E-002 -0.16027602508700908        1.4737711591072128E-002
   3.6000000536441803        7.7566362602216610E-002 -0.15251938871120455        1.4639352270089029E-002
   3.7000000551342964        9.2818301700608660E-002 -0.14323755840283364        1.4566117633895197E-002
   3.8000000566244125       0.10714205775433262      -0.13252335246774627        1.4520929744561629E-002
   3.9000000581145287       0.12039439319858243      -0.12048391296848640        1.4505591598926337E-002
   4.0000000596046448       0.13244278467496609      -0.10723963430363466        1.4520715189018363E-002
   4.1000000610947609       0.14316674826512907       -9.2922959263786672E-002   1.4565697083575097E-002
   4.2000000625848770       0.15245904432997373       -7.7677054603607618E-002   1.4638742504950368E-002
   4.3000000640749931       0.16022674990608232       -6.1654379374242924E-002   1.4736936940744662E-002
   4.4000000655651093       0.16639218793537880       -4.5015160332761359E-002   1.4856362432853315E-002
   4.5000000670552254       0.17089370403573276       -2.7925789674536620E-002   1.4992253903999539E-002
   4.6000000685453415       0.17368628304479908       -1.0557161111243982E-002   1.5139189284323411E-002
   4.7000000700354576       0.17474199917165487        6.9170390663073761E-003   1.5291305851975726E-002
   4.8000000715255737       0.17405029525471694        2.4322068851134221E-002   1.5442534155726727E-002
   4.9000000730156898       0.17161808833336081        4.1483877940201183E-002   1.5586840186077372E-002
   5.0000000745058060       0.16746970047752491        5.8230848237502977E-002   1.5718466132245507E-002
   5.1000000759959221       0.16164661556700388        7.4395510035075593E-002   1.5832160118822887E-002
   5.2000000774860382       0.15420706445263838        8.9816216710125865E-002   1.5923385755610229E-002
   5.3000000789761543       0.14522544264778919       0.10433876119130756        1.5988503139591510E-002
   5.4000000804662704       0.13479156637318157       0.11781791802948080        1.6024914087068635E-002
   5.5000000819563866       0.12300977439467112       0.13011889565224677        1.6031165801194083E-002
   5.6000000834465027       0.10999788463555418       0.14111868427971180        1.6007008838566834E-002
   5.7000000849366188        9.5886015997299776E-002  0.15070728602232308        1.5953407062024364E-002
   5.8000000864267349        8.0815287170496117E-002  0.15878881485979685        1.5872499182514297E-002
   5.9000000879168510        6.4936405447902662E-002  0.16528245550134990        1.5767513424525058E-002
   6.0000000894069672        4.8408159651477621E-002  0.17012327153863144        1.5642638719924936E-002
   6.1000000908970833        3.1395832244111049E-002  0.17326285480982598        1.5502857569575600E-002
   6.2000000923871994        1.4069546504946677E-002  0.17466980948128591        1.5353747241541786E-002
   6.3000000938773155       -3.3974347034602115E-003  0.17433006600587730        1.5201257238088907E-002
   6.4000000953674316       -2.0830441563819982E-002  0.17224702181845553        1.5051471910535606E-002
   6.5000000968575478       -3.8055144002333598E-002  0.16844150736151559        1.4910367693628928E-002
   6.6000000983476639       -5.4899294989482567E-002  0.16295157778076100        1.4783574645790814E-002
   6.7000000998377800       -7.1194453010375441E-002  0.15583213237363544        1.4676151809780397E-002
   6.8000001013278961       -8.6777666479946960E-002  0.14715436559633194        1.4592385356881916E-002
   6.9000001028180122      -0.10149310325885724       0.13700505511920971        1.4535617568665374E-002
   7.0000001043081284      -0.11519360897493165       0.12548569405006468        1.4508113479947946E-002
   7.1000001057982445      -0.12774217856692638       0.11271147600302137        1.4510970503902085E-002
   7.2000001072883606      -0.13901332633518171        9.8810143162357200E-002   1.4544074645268626E-002
   7.3000001087784767      -0.14889434079865602        8.3920708860621737E-002   1.4606105048767779E-002
   7.4000001102685928      -0.15728641180976979        6.8192067445269733E-002   1.4694586701226354E-002
   7.5000001117587090      -0.16410561865591086        5.1781505335142218E-002   1.4805989184606299E-002
   7.6000001132488251      -0.16928376926658553        3.4853128156231192E-002   1.4935867539688622E-002
   7.7000001147389412      -0.17276908213414385        1.7576219685370813E-002   1.5079039619951480E-002
   7.8000001162290573      -0.17452670412887153        1.2354901241860491E-004   1.5229792859222565E-002
   7.9000001177191734      -0.17453905903029748       -1.7330357150694607E-002   1.5382112203076150E-002
   8.0000001192092896      -0.17280602328940378       -3.4610959737136029E-002   1.5529920109511807E-002
   8.1000001206994057      -0.16934492726411582       -5.1545452715891213E-002   1.5667319042887429E-002
   8.2000001221895218      -0.16419038191571800       -6.7964491152125744E-002   1.5788826785598356E-002
   8.3000001236796379      -0.15739393269923044       -8.3703884656584029E-002   1.5889595178566304E-002
   8.4000001251697540      -0.14902354410884353       -9.8606239289530773E-002   1.5965603562792318E-002
   8.5000001266598701      -0.13916292003295569      -0.11252253150019526        1.6013819203655626E-002
   8.6000001281499863      -0.12791066671526452      -0.12531359836232345        1.6032318297028596E-002
   8.7000001296401024      -0.11537930669230036      -0.13685152920348204        1.6020362729063702E-002
   8.8000001311302185      -0.10169415356802748      -0.14702094471182089        1.5978429526936927E-002
   8.9000001326203346       -8.6992058877767120E-002 -0.15572015072922588        1.5908191825462863E-002
   9.0000001341104507       -7.1420043572803432E-002 -0.16286215519293037        1.5812452109013640E-002
   9.1000001356005669       -5.5133827810826874E-002 -0.16837553805616887        1.5695030392389137E-002
   9.2000001370906830       -3.8296273754310883E-002 -0.17220516548866585        1.5560611802221956E-002
   9.3000001385807991       -2.1075756948838606E-002 -0.17431274121495505        1.5414559640419203E-002
   9.4000001400709152       -3.6444825675968767E-003 -0.17467718947714544        1.5262701388410044E-002
   9.5000001415610313        1.3823236640406963E-002 -0.17329486579250653        1.5111096190629768E-002
   9.6000001430511475        3.1152723477887088E-002 -0.17017959339829664        1.4965793094649632E-002
   9.7000001445412636        4.8170683071304107E-002 -0.16536252501938631        1.4832589694171594E-002
   9.8000001460313797        6.4706935819652103E-002 -0.15889183134100024        1.4716800805032721E-002
   9.9000001475214958        8.0596119190519400E-002 -0.15083221930185073        1.4623046404047001E-002
   10.000000149011612        9.5679341345461993E-002 -0.14126428502473121        1.4555067291924965E-002
   10.100000150501728       0.10980577005843531      -0.13028370785526433        1.4515575835320916E-002
   10.200000151991844       0.12283414103809960      -0.11800029356841724        1.4506147743400196E-002
   10.300000153481960       0.13463417057077545      -0.10453687631071915        1.4527159197041627E-002
   10.400000154972076       0.14508785835761945       -9.0028090258759449E-002   1.4577771839219990E-002
   10.500000156462193       0.15409066751764769       -7.4619023277381694E-002   1.4655966225452339E-002
   10.600000157952309       0.16155256995657688       -5.8463766040991919E-002   1.4758622399635254E-002
   10.700000159442425       0.16739894664779387       -4.1723871126768661E-002   1.4881644380297069E-002
   10.800000160932541       0.17157133382264414       -2.4566737488843037E-002   1.5020123590263459E-002
   10.900000162422657       0.17402800760813575       -7.1639364687075234E-003   1.5168534708892515E-002
   11.000000163912773       0.17474440126568161        1.0310503918250086E-002   1.5320956132374899E-002
   11.100000165402889       0.17371335085849277        2.7681839262952427E-002   1.5471306245732870E-002
   11.200000166893005       0.17094516689094838        4.4776356206775413E-002   1.5613586079265114E-002
   11.300000168383121       0.16646753120354887        6.1423109575186249E-002   1.5742118667444925E-002
   11.400000169873238       0.16032522015450268        7.7455631829539712E-002   1.5851775559851476E-002
   11.500000171363354       0.15257965685613081        9.2713597742514198E-002   1.5938181446347680E-002
   11.600000172853470       0.14330829694372538       0.10704442765043273        1.5997888731959849E-002
   11.700000174343586       0.13260385401917349       0.12030481324994523        1.6028515095921236E-002
   11.800000175833702       0.12057337251491082       0.13236215068110463        1.6028838546273450E-002
   11.900000177323818       0.10733715724956538       0.14309586656600601        1.5998846177347061E-002
   12.000000178813934        9.3027570379735330E-002  0.15239862374260144        1.5939734684697806E-002
   12.100000180304050        7.7787707778383536E-002  0.16017739463635250        1.5853862616952499E-002
   12.200000181794167        6.1769968076065371E-002  0.16635439153600345        1.5744656269716037E-002
   12.300000183284283        4.5134528674577665E-002  0.17086784447071690        1.5616472976372687E-002
   12.400000184774399        2.8047743972893044E-002  0.17367261890980060        1.5474427250478894E-002
   12.500000186264515        1.0680481823120615E-002  0.17474066710802783        1.5324186716666303E-002
   12.600000187754631       -6.7935851480660503E-003  0.17406130858309798        1.5171745972412241E-002
   12.700000189244747       -2.4199716265747410E-002  0.17164133692046285        1.5023187403593263E-002
   12.800000190734863       -4.1363850213559220E-002  0.16750495183747000        1.4884438497281454E-002
   12.900000192224979       -5.8114345646908053E-002  0.16169351718618208        1.4761035335003230E-002
   13.000000193715096       -7.4283697606468385E-002  0.15426514731484389        1.4657901703079863E-002
   13.100000195205212       -8.9710212567825756E-002  0.14529412592438268        1.4579152633547426E-002
   13.200000196695328      -0.10423962537676915       0.13487016323137663        1.4527930214373673E-002
   13.300000198185444      -0.11772664190087902       0.12309749886586235        1.4506278220144393E-002
   13.400000199675560      -0.13003639197089481       0.11009385947500355        1.4515060565455012E-002
   13.500000201165676      -0.14104577808244781        9.5989281456584183E-002   1.4553926834717226E-002
   13.600000202655792      -0.15064470637114141        8.0924810594991931E-002   1.4621326263741366E-002
   13.700000204145908      -0.15873718755122798        6.5051091603332292E-002   1.4714569615229428E-002
   13.800000205636024      -0.16524229680849489        4.8526861676252593E-002   1.4829936479346436E-002
   13.900000207126141      -0.17009498304843082        3.1517363117948234E-002   1.4962823718077287E-002
   14.000000208616257      -0.17324671940719016        1.4192690919071490E-002   1.5107929130438989E-002
   14.100000210106373      -0.17466598852024606       -3.2739081932257226E-003   1.5259463010306199E-002
   14.200000211596489      -0.17433859769604498       -2.0707768222614976E-002   1.5411379155692481E-002
   14.300000213086605      -0.17226782084292649       -3.7934550563606687E-002   1.5557616112216725E-002
   14.400000214576721      -0.16847436573003893       -5.4781987387656952E-002   1.5692339025140160E-002
   14.500000216066837      -0.16299616690964172       -7.1081604321504344E-002   1.5810172450077344E-002
   14.600000217556953      -0.15588800637157144       -8.6670405190952718E-002   1.5906414833233511E-002
   14.700000219047070      -0.14722096572332719      -0.10139250198266177        1.5977226103406572E-002
   14.800000220537186      -0.13708171537397440      -0.11510067372432688        1.6019780890832641E-002
   14.900000222027302      -0.12557164783002833      -0.12765783869444605        1.6032381259442934E-002
   15.000000223517418      -0.11280586377035873      -0.13893842523957575        1.6014524454514956E-002
   15.100000225007534       -9.8912021039366763E-002 -0.14882962749090284        1.5966922962586519E-002
   15.200000226497650       -8.4029058068503054E-002 -0.15723253342296620        1.5891476083242019E-002
   15.300000227987766       -6.8305804491911704E-002 -0.16406311397394094        1.5791194147056799E-002
   15.400000229477882       -5.1899492850044519E-002 -0.16925306333628165        1.5670078403403596E-002
   15.500000230967999       -3.4974186264209638E-002 -0.17275048201481821        1.5532961370597830E-002
   15.600000232458115       -1.7699137805309538E-002 -0.17452039582172293        1.5385314018411093E-002
   15.700000233948231       -2.4709796308158838E-004 -0.17454510561839931        1.5233027476370765E-002
   15.800000235438347        1.7207412858850819E-002 -0.17282436430687317        1.5082177977684883E-002
   15.900000236928463        3.4489849547066506E-002 -0.16937537930077265        1.4938784417529945E-002
   16.000000238418579        5.1427387729532759E-002 -0.16423264045118660        1.4808568199126215E-002
   16.100000239908695        6.7850652019377122E-002 -0.15744757514814353        1.4696724949742454E-002
   16.200000241398811        8.3595409768806639E-002 -0.14908803404669599        1.4607717215161738E-002
   16.300000242888927        9.8504213395634727E-002 -0.13923761256034980        1.4545096404099412E-002
   16.400000244379044       0.11242797485914992      -0.12799481490690406        1.4511361086991137E-002
   16.500000245869160       0.12522745654056747      -0.11547206906624387        1.4507857303029555E-002
   16.600000247359276       0.13677466361925864      -0.10179460250050787        1.4534724853198877E-002
   16.700000248849392       0.14695412402099520       -8.7099189879429634E-002   1.4590891722215487E-002
   16.800000250339508       0.15566404313872606       -7.1532785333599525E-002   1.4674116851938999E-002
   16.900000251829624       0.16281732177867816       -5.5251052913114995E-002   1.4781079559594731E-002
   17.000000253319740       0.16834242715232015       -3.8416809947033212E-002   1.4907512033020341E-002
   17.100000254809856       0.17218410820426897       -2.1198398870032002E-002   1.5048369616376189E-002
   17.200000256299973       0.17430394812286024       -3.7680037980128561E-003   1.5198032091919295E-002
   17.300000257790089       0.17468074850827628        1.3700071313109369E-002   1.5350527926697973E-002
   17.400000259280205       0.17331074135655064        3.1031145707017562E-002   1.5499772536723674E-002
   17.500000260770321       0.17020762673960887        4.8051908634607579E-002   1.5639811061879345E-002
   17.600000262260437       0.16540243580454519        6.4592152461530938E-002   1.5765055964845176E-002
   17.700000263750553       0.15894322046214229        8.0486474744589018E-002   1.5870509973844267E-002
   17.800000265240669       0.15089457286774921        9.5575932256214371E-002   1.5951965473792476E-002
   17.900000266730785       0.14133697949970853       0.10970963041679374        1.6006172390145252E-002
   18.000000268220901       0.13036601629454905       0.12274623224050915        1.6030967866875818E-002
   18.100000269711018       0.11809139288759200       0.13455537170523824        1.6025362564433220E-002
   18.200000271201134       0.10463585551656505       0.14501895741281431        1.5989580134391564E-002
   18.300000272691250        9.0133959559188542E-002  0.15403235350304323        1.5925048295751955E-002
   18.400000274181366        7.4730723979358121E-002  0.16150542601233650        1.5834341868952655E-002
   18.500000275671482        5.8580181137462634E-002  0.16736344421337404        1.5721080040530550E-002
   18.600000277161598        4.1843836466734265E-002  0.17154782792239964        1.5589781957574021E-002
   18.700000278651714        2.4689053418868116E-002  0.17401673330107600        1.5445686413748770E-002
   18.800000280141830        7.2873798294553760E-003  0.17474547129488058        1.5294542821424343E-002
   18.900000281631947       -1.0187167560423725E-002  0.17372675452365816        1.5142381810113764E-002
   19.000000283122063       -2.7559843271662578E-002  0.17097077015542453        1.4995274604348803E-002
   19.100000284612179       -4.4656920541971332E-002  0.16650507803468340        1.4859090781813973E-002
   19.200000286102295       -6.1307428593551573E-002  0.16037433508397306        1.4739264077189949E-002
   19.300000287592411       -7.7344862340925261E-002  0.15263984873462771        1.4640575576133354E-002
   19.400000289082527       -9.2608847441839129E-002  0.14337896385244586        1.4566962949953407E-002
   19.500000290572643      -0.10694674404073502       0.13268428928900930        1.4521363342521999E-002
   19.600000292062759      -0.12021517316735095       0.12066277179313964        1.4505596178229736E-002
   19.700000293552876      -0.13228145052646645       0.10743462654337828        1.4520290566950575E-002
   19.800000295042992      -0.14302491334089434        9.3132134996165114E-002   1.4564860202557130E-002
   19.900000296533108      -0.15233812697928856        7.7898322071234760E-002   1.4637526756535832E-002
   20.000000298023224      -0.16012795930248958        6.1885525902376545E-002   1.4735390833296738E-002
   20.100000299513340      -0.16631651198494385        4.5253874456051245E-002   1.4854547656061009E-002
   20.200000301003456      -0.17084189949798251        2.8169684251678727E-002   1.4990242867459015E-002
   20.300000302493572      -0.17365886796512647        1.0803797196394200E-002   1.5137062228395023E-002
   20.400000303983688      -0.17473924770086480       -6.6701278340740508E-003   1.5289147646193537E-002
   20.500000305473804      -0.17407223490751814       -2.4077351584213709E-002   1.5440430912504006E-002
   20.600000306963921      -0.17166449971321870       -4.1243801811335620E-002   1.5584875824821199E-002
   20.700000308454037      -0.16754011947062708       -5.7997814008052560E-002   1.5716719030972326E-002
   20.800000309944153      -0.16174033798339835       -7.4171848047404287E-002   1.5830699986875581E-002
   20.900000311434269      -0.15432315306813324       -8.9604163584177027E-002   1.5922270852255220E-002
   21.000000312924385      -0.14536273657619492      -0.10414043745840387        1.5987777949473984E-002
   21.100000314414501      -0.13494869267517318      -0.11763530692701041        1.6024607545275141E-002
   21.200000315904617      -0.12318516180718186      -0.12995382329128879        1.6031290138742545E-002
   21.300000317394733      -0.11018977928440669      -0.14097280138392504        1.6007559094388921E-002
   21.400000318884850       -9.6092498935948345E-002 -0.15058205142070885        1.5954361280912120E-002
   21.500000320374966       -8.1034293569492710E-002 -0.15868548089840862        1.5873819291132966E-002
   21.600000321865082       -6.5165745243192061E-002 -0.16520205551983236        1.5769146750539191E-002
   21.700000323355198       -4.8645539445038577E-002 -0.17006660953682373        1.5644520093624634E-002
   21.800000324845314       -3.1638878237937207E-002 -0.17323049740776306        1.5504911924148010E-002
   21.900000326335430       -1.4315828239027346E-002 -0.17466208025299804        1.5355892608237030E-002
   22.000000327825546        3.1503800465392390E-003 -0.17434704224364969        1.5203408016773301E-002
   22.100000329315662        2.0585084530701545E-002 -0.17228853375990538        1.5053542285137092E-002
   22.200000330805779        3.7813938163422003E-002 -0.16850713988721602        1.4912275056198446E-002
   22.300000332295895        5.4664652403238811E-002 -0.16304067456543547        1.4785242892559579E-002
   22.400000333786011        7.0968720102731891E-002 -0.15594380244941064        1.4677514377700356E-002
   22.500000335276127        8.6563100580047334E-002 -0.14728749226241683        1.4593387879491444E-002
   22.600000336766243       0.10129185002576449      -0.13715830710890375        1.4536220045311160E-002
   22.700000338256359       0.11500768094103667      -0.12565753884342529        1.4508291871811112E-002
   22.800000339746475       0.12757343501262353      -0.11290019515206370        1.4510717693147074E-002
   22.900000341236591       0.13886345469606429       -9.9013849475534599E-002   1.4543400719044860E-002
   23.000000342726707       0.14876483979115987       -8.4137365274741721E-002   1.4605036896732388E-002
   23.100000344216824       0.15717857644400848       -6.8419507396126539E-002   1.4693166942646817E-002
   23.200000345706940       0.16402052728557415       -5.2017454423159491E-002   1.4804274467851623E-002
   23.300000347197056       0.16922227280540214       -3.5095226890458436E-002   1.4933926281959350E-002
   23.400000348687172       0.17273179554674395       -1.7822047078393608E-002   1.5076949277433315E-002
   23.500000350177288       0.17451400028114022       -3.7064679023346078E-004   1.5227636836584461E-002
   23.600000351667404       0.17455106496071587        1.7084459965939481E-002   1.5379976525623919E-002
   23.700000353157520       0.17284261893866409        3.4368722117361458E-002   1.5527889990778329E-002
   23.800000354647636       0.16940574667571456        5.1309297037367148E-002   1.5665475484612574E-002
   23.900000356137753       0.16427481689552104        6.7736778971707809E-002   1.5787243345759479E-002
   24.000000357627869       0.15750113889741460        8.3486893096144252E-002   1.5888335036414854E-002
   24.100000359117985       0.14915244946339501        9.8402138264738218E-002   1.5964716998001630E-002
   24.200000360608101       0.13931223549029056       0.11233336202135868        1.6013341590161902E-002
   24.300000362098217       0.12807889912076495       0.12514125212428762        1.6032268691610802E-002
   24.400000363588333       0.11556477372186119       0.13669772966867866        1.6020743110978064E-002
   24.500000365078449       0.10189500055129784       0.14688722987564382        1.5979224718944605E-002
   24.600000366568565        8.7206277344854435E-002  0.15560785774007674        1.5909370099401816E-002
   24.700000368058681        7.1645491338972980E-002  0.16277240698073414        1.5813966451752301E-002
   24.800000369548798        5.5368250398349778E-002  0.16830923210307425        1.5696820381650441E-002
   24.900000371038914        3.8537326937242052E-002  0.17216296485422355        1.5562606017432248E-002
   25.000000372529030        2.1321030195276886E-002  0.17429506790552204        1.5416678512389226E-002
   25.100000374019146        3.8915231450047903E-003  0.17468422022582134        1.5264860374145678E-002
   25.200000375509262       -1.3576899137877116E-002  0.17332653029180248        1.5113209146597605E-002
   25.300000376999378       -3.0909552425334021E-002  0.17023557500321027        1.4967775713904051E-002
   25.400000378489494       -4.7933110179325819E-002  0.16544226391385178        1.4834362870201985E-002
   25.500000379979610       -6.4477336817239189E-002  0.15899453013604914        1.4718293788113374E-002
   25.600000381469727       -8.0376790067764409E-002  0.15095685100950196        1.4624199624151221E-002
   25.700000382959843       -9.5472475393657844E-002  0.14140960332787109        1.4555834735569225E-002
   25.800000384449959      -0.10961343593716168       0.13044825957081818        1.4515926881502904E-002
   25.900000385940075      -0.12265826208862655       0.11818243317918048        1.4506068385376832E-002
   26.000000387430191      -0.13447650558265015       0.10473478242052986        1.4526652601198134E-002
   26.100000388920307      -0.14494998398077011        9.0239783806460541E-002   1.4576858218731125E-002
   26.200000390410423      -0.15397396249588391        7.4842387327433063E-002   1.4654682033776689E-002
   26.300000391900539      -0.16145820134015107        5.8696566952826490E-002   1.4757018876022201E-002
   26.400000393390656      -0.16732785812289841        4.1963780891198711E-002   1.4879785505340677E-002
   26.500000394880772      -0.17152423627454919        2.4811357008152762E-002   1.5018083533076692E-002
   26.600000396370888      -0.17400537201233626        7.4108195476309258E-003   1.5166394867759541E-002
   26.700000397861004      -0.17474645397814234       -1.0063826110575817E-002   1.5318801886959462E-002
   26.800000399351120      -0.17374007135208849       -2.7437833504677548E-002   1.5469223550429604E-002
   26.900000400841236      -0.17099628796073518       -4.4537462555555393E-002   1.5611658033619084E-002
   27.000000402331352      -0.16654254163881366       -6.1191716967604490E-002   1.5740422200479696E-002
   27.100000403821468      -0.16042336985087044       -7.7234054191740981E-002   1.5850378360600974E-002
   27.200000405311584      -0.15269996431660862       -9.2504050850942515E-002   1.5937139263063650E-002
   27.300000406801701      -0.14344955909367260      -0.10684900697406627        1.5997243147756565E-002
   27.400000408291817      -0.13276465823704856      -0.12012547299560589        1.6028291869609169E-002
   27.500000409781933      -0.12075211075848706      -0.13220068425138926        1.6029046584582724E-002
   27.600000411272049      -0.10753204213635377      -0.14295388862525987        1.5999477179548884E-002
   27.700000412762165       -9.3236653060809888E-002 -0.15227755407027430        1.5940763473803569E-002
   27.800000414252281       -7.8008897426871227E-002 -0.16007844392920373        1.5855248144275670E-002
   27.900000415742397       -6.2001052795415387E-002 -0.16627854930113403        1.5746343252714776E-002
   28.000000417232513       -4.5373197617527637E-002 -0.17081586913049812        1.5618394104423339E-002
   28.100000418722630       -2.8291610449942346E-002 -0.17364503021765015        1.5476505870569961E-002
   28.200000420212746       -1.0927107169426072E-002 -0.17473774095087541        1.5326339891853681E-002
   28.300000421702862        6.5466671860409942E-003 -0.17408307422251601        1.5173887791003402E-002
   28.400000423192978        2.3954974867696589E-002 -0.17168757670005066        1.5025232407023878E-002
   28.500000424683094        4.1123732793536080E-002 -0.16757520335941792        1.4886305089912214E-002
   28.600000426173210        5.7881253379184386E-002 -0.16178707793524968        1.4762649039785948E-002
   28.700000427663326        7.4059961413790884E-002 -0.15438108168351267        1.4659198133191803E-002
   28.800000429153442        8.9498069812187886E-002 -0.14543127456893137        1.4580080061425580E-002
   28.900000430643559       0.10404119748579051      -0.13502715466531887        1.4528451635644601E-002
   29.000000432133675       0.11754391315352854      -0.12327276317481194        1.4506372830098764E-002
   29.100000433623791       0.12987118965470046      -0.11028564401581874        1.4514724589155535E-002
   29.200000435113907       0.14089975422062076       -9.6195668383799671E-002   1.4553173677618646E-002
   29.300000436604023       0.15051932120234343       -8.1143736039274064E-002   1.4620185976812809E-002
   29.400000438094139       0.15863369492718443       -6.5280366310172991E-002   1.4713087695920696E-002
   29.500000439584255       0.16516173165547707       -4.8764192898515121E-002   1.4828172056239704E-002
   29.600000441074371       0.17003815101799288       -3.1760377543339241E-002   1.4960847191656600E-002
   29.700000442564487       0.17321418881965345       -1.4438958403264642E-002   1.5105819364110883E-002
   29.800000444054604       0.17465808468149563        3.0268503251457482E-003   1.5257304183749668E-002
   29.900000445544720       0.17435539964447069        2.0462390549402611E-002   1.5409257406089687E-002
   30.000000447034836       0.17230916055903908        3.7693306862067177E-002   1.5555616097379335E-002
   30.100000448524952       0.16853982981666496        5.4547290094877590E-002   1.5690540545662560E-002
   30.200000450015068       0.16308510072589541        7.0855800410482866E-002   1.5808647265292818E-002
   30.300000451505184       0.15599952057926375        8.6455752700866639E-002   1.5905223798016770E-002
   30.400000452995300       0.14735394518034797       0.10119114743847593        1.5976416740064184E-002
   30.500000454485416       0.13723483028571382       0.11491463067154314        1.6019385492962918E-002
   30.600000455975533       0.12574336704732336       0.12748896756364769        1.6032415603421349E-002
   30.700000457465649       0.11299447010098523       0.13878841474212109        1.6014987170016731E-002
   30.800000458955765        9.9115628419962271E-002  0.14869997773181109        1.5967795587262575E-002
   30.900000460445881        8.4245630425200932E-002  0.15712454089986697        1.5892723799366754E-002
   31.000000461935997        6.8533176101080423E-002  0.16397785861209740        1.5792767170755354E-002
   31.100000463426113        5.2135389995524632E-002  0.16919139768933766        1.5671913971028531E-002
   31.200000464916229        3.5216249974476033E-002  0.17271302273926156        1.5534986242998733E-002
   31.300000466406345        1.7944947443187417E-002  0.17450751751032037        1.5387447403176765E-002
   31.400000467896461        4.9419543211891639E-004  0.17455693705426867        1.5235184251446520E-002
   31.500000469386578       -1.6961498533418055E-002  0.17286078717565226        1.5084272087742644E-002
   31.600000470876694       -3.4247577508565927E-002  0.16943602937376279        1.4940732307575918E-002
   31.700000472366810       -5.1191180698421559E-002  0.16431691122763983        1.4810292148345259E-002
   31.800000473856926       -6.7622872066036815E-002  0.15755462392027023        1.4698156172558683E-002
   31.900000475347042       -8.3378334692838521E-002  0.14921679032674298        1.4608798605783088E-002
   32.000000476837158       -9.8300013947863168E-002  0.13938678878547822        1.4545784815038806E-002
   32.100000478327274      -0.11223869303411349       0.12816291931481819        1.4511629050651276E-002
   32.200000479817390      -0.12505498515657293       0.11565742061281445        1.4507694127660075E-002
   32.300000481307507      -0.13662072739019737       0.10199534767021397        1.4534137049497223E-002
   32.400000482797623      -0.14682026230920367        8.7313321220514356E-002   1.4589902743550048E-002
   32.500000484287739      -0.15555159456136208        7.1758161532588211E-002   1.4672766158559697E-002
   32.600000485777855      -0.16272741082154890        5.5485420207950581E-002   1.4779421044168999E-002
   32.700000487267971      -0.16827595292502368        3.8657824664697499E-002   1.4905611870315638E-002
   32.800000488758087      -0.17214173544909808        2.1443650863276514E-002   1.5046303622886685E-002
   32.900000490248203      -0.17428610056737925        4.0150405468320598E-003   1.5195882700787670E-002
   33.000000491738319      -0.17468760462804533       -1.3453720176277290E-002   1.5348380898632928E-002
   33.100000493228436      -0.17334223259036999       -3.0787943693614345E-002   1.5497713538147547E-002
   33.200000494718552      -0.17026343817513095       -4.7814287764839730E-002   1.5637922246837771E-002
   33.300000496208668      -0.16548200932739815       -6.4362488944166962E-002   1.5763412697060553E-002
   33.400000497698784      -0.15904576033707388       -8.0267065214871008E-002   1.5869177819703151E-002
   33.500000499188900      -0.15101905369597954       -9.5368970809504891E-002   1.5950997586246674E-002
   33.600000500679016      -0.14148215647291820      -0.10951718666762156        1.6005607387908988E-002
   33.700000502169132      -0.13053043764296271      -0.12257023062642333        1.6030828293538989E-002
   33.800000503659248      -0.11827341439767650      -0.13439757224243210        1.6025653988972131E-002
   33.900000505149364      -0.10483365697316530      -0.14488093809596295        1.5990290928966769E-002
   34.000000506639481       -9.0345562947679578E-002 -0.15391549452535627        1.5926150099659055E-002
   34.100000508129597       -7.4954013265791986E-002 -0.16141089596362565        1.5835790720214453E-002
   34.200000509619713       -5.8812923428908440E-002 -0.16729218839415458        1.5722818129979978E-002
   34.300000511109829       -4.2083704340208195E-002 -0.17150055889088500        1.5591739935439986E-002
   34.400000512599945       -2.4933648195563946E-002 -0.17399392374759542        1.5447786156712100E-002
   34.500000514090061       -7.5342555615332540E-003 -0.17474734931497565        1.5296700549738309E-002
   34.600000515580177        9.9404796303581532E-003 -0.17375330133712738        1.5144511430416079E-002
   34.700000517070293        2.7315810022983486E-002 -0.17102172029412530        1.4997291144786876E-002
   34.800000518560410        4.4417982307238237E-002 -0.16657992199721353        1.4860913782421936E-002
   34.900000520050526        6.1075974755183018E-002 -0.16047232443068493        1.4740820800241377E-002
   35.000000521540642        7.7123207437373914E-002 -0.15276000357202502        1.4641803908376652E-002
   35.100000523030758        9.2399208022206553E-002 -0.14352008263211882        1.4567813880930607E-002
   35.200000524520874       0.10675121649928002      -0.13284496082311911        1.4521802920086103E-002
   35.300000526010990       0.12003571277954635      -0.12084138936629733        1.4505606863235413E-002
   35.400000527501106       0.13211985189624378      -0.10762940397979903        1.4519871933066086E-002
   35.500000528991222       0.14288279245460400       -9.3341124521426677E-002   1.4564028953274962E-002
   35.600000530481339       0.15221690504583579       -7.8119433790022230E-002   1.4636316058703329E-002
   35.700000531971455       0.16002884854124505       -6.2116548697436158E-002   1.4733848993758854E-002
   35.800000533461571       0.16624050350354955       -4.5492498099363551E-002   1.4852736194217132E-002
   35.900000534951687       0.17078975338127500       -2.8413522506739487E-002   1.4988234060638863E-002
   36.000000536441803       0.17363110567428841       -1.1050411680580137E-002   1.5134936227993105E-002
   36.100000537931919       0.17473614685881281        6.4232032656782942E-003   1.5286989279628408E-002
   36.200000539422035       0.17409382652267366        2.3832586177365677E-002   1.5438326298604177E-002
   36.300000540912151       0.17171056786942376        4.1003643220176737E-002   1.5582908937683765E-002
   36.400000542402267       0.16761020348630590        5.7764663818565994E-002   1.5714968349396407E-002
   36.500000543892384       0.16183373701837325        7.3948037761554383E-002   1.5829235363058133E-002
   36.600000545382500       0.15443893313202664        8.9391931304888997E-002   1.5921150724688294E-002
   36.700000546872616       0.14549973986833339       0.10394190550853384        1.5987047011248832E-002
   36.800000548362732       0.13510554916259451       0.11745246062611625        1.6024294960827815E-002
   36.900000549852848       0.12336030292496508       0.12978849110243393        1.6031408380192860E-002
   37.000000551342964       0.11038145362132176       0.14082663662904729        1.6008103443902865E-002
   37.100000552833080        9.6298789748568994E-002  0.15045651574740057        1.5955310018943444E-002
   37.200000554323196        8.1253137949631252E-002  0.15858182966344031        1.5875134563033102E-002
   37.300000555813313        6.5394954746981884E-002  0.16512132523558457        1.5770776076957753E-002
   37.400000557303429        4.8882821977373481E-002  0.17000960750616301        1.5646398464435593E-002
   37.500000558793545        3.1881860973423125E-002  0.17319779365101298        1.5506964392353778E-002
   37.600000560283661        1.4562081350237004E-002  0.17465400180773588        1.5358037280353764E-002
   37.700000561773777       -2.9033190907913273E-003  0.17436366989433047        1.5205559320381000E-002
   37.800000563263893       -2.0339686340046490E-002  0.17232970123001731        1.5055614383219253E-002
   37.900000564754009       -3.7572656719839490E-002  0.16857243550204573        1.4914185272039134E-002
   38.000000566244125       -5.4429900521236571E-002  0.16312944536881521        1.4786915008544487E-002
   38.100000567734241       -7.0742845301199911E-002  0.15605516073328016        1.4678881676399705E-002
   38.200000569224358       -8.6348361607068241E-002  0.14742032444390424        1.4594395805685502E-002
   38.300000570714474      -0.10109039427113206       0.13731128486615460        1.4536828382743594E-002
   38.400000572204590      -0.11482152296235729       0.12582913239882146        1.4508476347817642E-002
   38.500000573694706      -0.12740443638973944       0.11308868857000011        1.4510470947134819E-002
   38.600000575184822      -0.13871330541525473        9.9217357821775709E-002   1.4542732596180007E-002
   38.700000576674938      -0.14863504134527769        8.4353853465764461E-002   1.4603974055118036E-002
   38.800000578165054      -0.15707042681755118        6.8646810549956166E-002   1.4691751789664637E-002
   38.900000579655170      -0.16393510797483851        5.2253299508189965E-002   1.4802563468107283E-002
   39.000000581145287      -0.16916043800352099        3.5337255455769170E-002   1.4931987704344679E-002
   39.100000582635403      -0.17269416360175452        1.8067838838259360E-002   1.5074860471197434E-002
   39.200000584125519      -0.17450094751250364        6.1774382698232336E-004   1.5225481145098663E-002
   39.300000585615635      -0.17456272189612237       -1.6838528622748639E-002   1.5377839960981044E-002
   39.400000587105751      -0.17287886900875615       -3.4126415781233849E-002   1.5525857801910157E-002
   39.500000588595867      -0.16946622737978045       -5.1073038771736252E-002   1.5663628755857362E-002
   39.600000590085983      -0.16435892342650207       -6.7508931359300334E-002   1.5785655761596747E-002
   39.700000591576099      -0.15760803018997591       -8.3269734613152194E-002   1.5887069941454578E-002
   39.800000593066216      -0.14928105660457910       -9.8197840496056218E-002   1.5963824869534224E-002
   39.900000594556332      -0.13946127240864731      -0.11214396794473444        1.6012858024114278E-002
   40.000000596046448      -0.12824687544706634      -0.12496865568054381        1.6032212982268833E-002
   40.100000597536564      -0.11575000969279414      -0.13654365682230418        1.6021117481144556E-002
   40.200000599026680      -0.10209564380709782      -0.14675322135514832        1.5980014231249475E-002
   40.300000600516796       -8.7420321452903654E-002 -0.15549525363070510        1.5910543252303157E-002
   40.400000602006912       -7.1870795858127168E-002 -0.16268233332361365        1.5815476436447963E-002
   40.500000603497028       -5.5602562283350240E-002 -0.16824258963480296        1.5698606949749276E-002
   40.600000604987144       -3.8778303069168948E-002 -0.17212041999950403        1.5564597884864992E-002
   40.700000606477261       -2.1566260812739133E-002 -0.17427704611291417        1.5418796203642948E-002
   40.800000607967377       -4.1385559417546798E-003 -0.17469090171325657        1.5267019393336851E-002
   40.900000609457493        1.3330534489880707E-002 -0.17335784824440445        1.5115323348857932E-002
   41.000000610947609        3.0666319572644474E-002 -0.17029121624144364        1.4969760742560838E-002
   41.100000612437725        4.7695441450542525E-002 -0.16552167202531765        1.4836139522609476E-002
   41.200000613927841        6.4247608899720809E-002 -0.15909691103960916        1.4719791175838399E-002
   41.300000615417957        8.0157300240754598E-002 -0.15108118089609002        1.4625358001421777E-002
   41.400000616908073        9.5265418555492101E-002 -0.14155463889858427        1.4556607883130842E-002
   41.500000618398190       0.10942088265628337      -0.13061255046990611        1.4516283950766953E-002
   41.600000619888306       0.12248213789790185      -0.11836433649760332        1.4505995129279258E-002
   41.700000621378422       0.13431857172403880      -0.10493247912504917        1.4526151942657318E-002
   41.800000622868538       0.14481181979290531       -9.0451296929972225E-002   1.4575950134023442E-002
   41.900000624358654       0.15385694962068547       -7.5065601738638951E-002   1.4653402755483051E-002
   42.000000625848770       0.16136350990640583       -5.8929250507548006E-002   1.4755419447348039E-002
   42.100000627338886       0.16725643504497206       -4.2203606753819289E-002   1.4877929743491990E-002
   42.200000628829002       0.17147679578324226       -2.5055926919974724E-002   1.5016045482953443E-002
   42.300000630319118       0.17398238851257597       -7.6576878094631665E-003   1.5164255847564064E-002
   42.400000631809235       0.17474815730493312        9.8171281814251922E-003   1.5316647243600092E-002
   42.500000633299351       0.17376644447216194        2.7193772887573565E-002   1.5467139254178934E-002
   42.600000634789467       0.17104706714288270        4.4298479856741832E-002   1.5609727247899993E-002
   42.700000636279583       0.16661721909119864        6.0960202014140701E-002   1.5738721963644668E-002
   42.800000637769699       0.16052119879894680        7.7012322133230615E-002   1.5848976512101740E-002
   42.900000639259815       0.15281996647086643        9.2294319008036751E-002   1.5936091736656999E-002
   43.000000640749931       0.14359053443253350       0.10665337266525667        1.5996591739747351E-002
   43.100000642240047       0.13292519700708191       0.11994589256403884        1.6028062571177743E-002
   43.200000643730164       0.12093060757194472       0.13203895350143396        1.6029248544736766E-002
   43.300000645220280       0.10772671202504795       0.14281162486446408        1.6000102340078013E-002
   43.400000646710396        9.3445549325795643E-002  0.15215617993628835        1.5941786890801932E-002
   43.500000648200512        7.8229931105436426E-002  0.15997917316340368        1.5856628983403814E-002
   43.600000649690628        6.2232013550708509E-002  0.16620237461120746        1.5748026418489852E-002
   43.700000651180744        4.5611775841926924E-002  0.17076355226336701        1.5620312438528933E-002
   43.800000652670860        2.8535420361132702E-002  0.17361709434200137        1.5478582831472977E-002
   43.900000654160976        1.1173710668222935E-002  0.17473446542547380        1.5328492608811629E-002
   44.000000655651093       -6.2997361346990889E-003  0.17410449180261656        1.5176030370607104E-002
   44.100000657141209       -2.3710185574396653E-002  0.17173347320984597        1.5027279360344604E-002
   44.200000658631325       -4.0883533151284068E-002  0.16764511983379635        1.4888174743510041E-002
   44.300000660121441       -5.7648045384474399E-002  0.16188031520944662        1.4764266794480108E-002
   44.400000661611557       -7.3836077146639534E-002  0.15449670738475835        1.4660499440568076E-002
   44.500000663101673       -8.9285748115333408E-002  0.14556813244017888        1.4581012999318112E-002
   44.600000664591789      -0.10384256157626472       0.13518387612781493        1.4528978979830371E-002
   44.700000666081905      -0.11736094939048589       0.12344778101388490        1.4506473539544134E-002
   44.800000667572021      -0.12970572767582592       0.11047720805302572        1.4514394645553520E-002
   44.900000669062138      -0.14075344864575234        9.6401862978711506E-002   1.4552426245719355E-002
   45.000000670552254      -0.15039363508727346        8.1362499245880182E-002   1.4619050879149914E-002
   45.100000672042370      -0.15852988513310107        6.5509510496342141E-002   1.4711610222892291E-002
   45.200000673532486      -0.16508083628035206        4.9001426622317323E-002   1.4826411159021375E-002
   45.300000675022602      -0.16998097901560161        3.2003328467465765E-002   1.4958873130049450E-002
   45.400000676512718      -0.17318131191003686        1.4685197018401815E-002   1.5103710903175376E-002
   45.500000678002834      -0.17464983163375969       -2.7797864052226846E-003   1.5255145451079633E-002
   45.600000679492950      -0.17437185298909522       -2.0216971963966514E-002   1.5407134535121221E-002
   45.700000680983067      -0.17235015576257293       -3.7451987797045554E-002   1.5553613790666599E-002
   45.800000682473183      -0.16860495692706057       -5.4312483740992575E-002   1.5688738695245768E-002
   45.900000683963299      -0.16317370847202939       -7.0629854831343292E-002   1.5807117765005731E-002
   46.000000685453415      -0.15611072288364838       -8.6240927352331229E-002   1.5904027674922668E-002
   46.100000686943531      -0.14748663001990625      -0.10098959057409405        1.5975601719475929E-002
   46.200000688433647      -0.13738767081201064      -0.11472835786001870        1.6018984094202958E-002
   46.300000689923763      -0.12591483485505020      -0.12731984153315146        1.6032443842300681E-002
   46.400000691413879      -0.11318285051201371      -0.13863812675300841        1.6015443919804032E-002
   46.500000692903996       -9.9319037630125964E-002 -0.14857003066401792        1.5968662623640800E-002
   46.600000694394112       -8.4462034342337580E-002 -0.15701623422410990        1.5893966527583375E-002
   46.700000695884228       -6.8760410685954176E-002 -0.16389227539516632        1.5794336005953060E-002
   46.800000697374344       -5.2371182902219024E-002 -0.16912939376342737        1.5673746316681073E-002
   46.900000698864460       -3.5458243273853850E-002 -0.17267521814364964        1.5537008988512397E-002
   47.000000700354576       -1.8190721202182760E-002 -0.17449429029097421        1.5389579841003160E-002
   47.100000701844692       -7.4129191306858411E-004 -0.17456841948338570        1.5237341297313847E-002
   47.200000703334808        1.6715550295397202E-002 -0.17289686442893787        1.5086367675518237E-002
   47.300000704824924        3.4005236995927390E-002 -0.16949634067867339        1.4942682823305050E-002
   47.400000706315041        5.0954871316363962E-002 -0.16440085347110833        1.4812019766448022E-002
   47.500000707805157        6.7394956908451153E-002 -0.15766135767983691        1.4699591961070728E-002
   47.600000709295273        8.3161092911368584E-002 -0.14934524826478038        1.4609885276741083E-002
   47.700000710785389        9.8095617960388376E-002 -0.13953568632256769        1.4546479010270237E-002
   47.800000712275505       0.11204918680056952      -0.12833076747554445        1.4511903071765590E-002
   47.900000713765621       0.12488226373935171      -0.11584254091552021        1.4507537041214488E-002
   48.000000715255737       0.13646651800352258      -0.10219588891181700        1.4533555123241096E-002
   48.100000716745853       0.14668610704698803       -8.7527277988538862E-002   1.4588919196341695E-002
   48.200000718235970       0.15543883497626773       -7.1983394259290179E-002   1.4671420233933901E-002
   48.300000719726086       0.16263717450946036       -5.5719676565995871E-002   1.4777766444519926E-002
   48.400000721216202       0.16820914224908873       -3.8898762090435843E-002   1.4903714614171249E-002
   48.500000722706318       0.17209901851609599       -2.1688859982378721E-002   1.5044239410769390E-002
   48.600000724196434       0.17426790454665278       -4.2620692680340293E-003   1.5193733894763401E-002
   48.700000725686550       0.17469411147980715        1.3207342140261199E-002   1.5346233236064604E-002
   48.800000727176666       0.17337337724610055        3.0544680123217718E-002   1.5495652710774195E-002
   48.900000728666782       0.17031890918826367        4.7576571295839039E-002   1.5636030481674029E-002
   49.000000730156898       0.16556125198778515        6.4132696741323048E-002   1.5761765475538703E-002
   49.100000731647015       0.15914798221808768        8.0047495200280788E-002   1.5867840865963864E-002
   49.200000733137131       0.15114323257877954        9.5161818683379709E-002   1.5950024244745741E-002
   49.300000734627247       0.14162705056863942       0.10932452395128441        1.6005036494973451E-002
   49.400000736117363       0.13069459801060473       0.12239398394709501        1.6030682627797659E-002
   49.500000737607479       0.11845519943351399       0.13423950406695842        1.6025939362488258E-002
   49.600000739097595       0.10503124882678569       0.14474262910614574        1.5990995955336720E-002
   49.700000740587711        9.0556985700487785E-002  0.15379832781113495        1.5927246648329837E-002
   49.800000742077827        7.5177152690196924E-002  0.16131604319217732        1.5837235038892800E-002
   49.900000743567944        5.9045548130599555E-002  0.16722059809322201        1.5724552590348915E-002
   50.000000745058060        4.2323488072099250E-002  0.17145294696349886        1.5593695332528740E-002
