   0.78266274607   2.80385377816   1.23852828603   0.22366629897   0.16163123909   6.56726116362
   0.11847998780   0.85031608232   0.61335610671   0.00508767182   0.00379654952   0.95051247417
   0.02938552958   0.39004458399   0.33127352482   0.00031262316   0.00023438100   0.23425519573
   0.00733179035   0.18700806427   0.17234448356   0.00001945606   0.00001460379   0.05835494233
   0.00029308502   0.03618659966   0.03560042961   0.00000003109   0.00000002335   0.00233153056
   0.00007326980   0.01801937522   0.01787283562   0.00000000194   0.00000000147   0.00058286179
   0.00000293077   0.00359211039   0.00358624884   0.00000000000   0.00000000022   0.00002324829
   0.00000073269   0.00179532185   0.00179385646   0.00000000000   0.00000000153   0.00000731660
   0.00000002931   0.00035894707   0.00035888845   0.00000000000   0.00000002368   0.00002136900
   0.00000000733   0.00017946621   0.00017945155   0.00000000000   0.00000014396   0.00092232064
   0.00000000029   0.00003589206   0.00003589147   0.00000000000   0.00000157984   0.04311079877
   0.00000000003   0.00000358905   0.00000358899   0.00000000003   0.00031943006  73.09578756897
   0.00000000049   0.00000035700   0.00000035799   0.00000000059   0.02944448407****************
   0.00000000178   0.00000002598   0.00000002954   0.00000000100   0.79457294053  17.58463591726
