   0.0000000000000000        100.00000000000000        0.0000000000000000        0.0000000000000000     
   9.9999997764825821E-003   99.999500000022351        4.9999998882412910E-003  -4.9999998882412910E-002
   1.9999999552965164E-002   99.998000000089405        1.4999999664723873E-002 -0.14999999664723873     
   2.9999999329447746E-002   99.995500000201162        2.4999999441206455E-002 -0.24999999441206455     
   3.9999999105930328E-002   99.992000000357621        3.4999999217689037E-002 -0.34999999217689037     
   4.9999998882412910E-002   99.987500000558782        4.4999998994171619E-002 -0.44999998994171619     
   5.9999998658895493E-002   99.982000000804646        5.4999998770654202E-002 -0.54999998770654202     
   6.9999998435378075E-002   99.975500001095213        6.4999998547136784E-002 -0.64999998547136784     
   7.9999998211860657E-002   99.968000001430482        7.4999998323619366E-002 -0.74999998323619366     
   8.9999997988343239E-002   99.959500001810468        8.4999998100101948E-002 -0.84999998100101948     
   9.9999997764825821E-002   99.950000002235157        9.4999997876584530E-002 -0.94999997876584530     
  0.10999999754130840        99.939500002704548       0.10499999765306711       -1.0499999765306711     
  0.11999999731779099        99.928000003218642       0.11499999742954969       -1.1499999742954969     
  0.12999999709427357        99.915500003777439       0.12499999720603228       -1.2499999720603228     
  0.13999999687075615        99.902000004380938       0.13499999698251486       -1.3499999698251486     
  0.14999999664723873        99.887500005029139       0.14499999675899744       -1.4499999675899744     
  0.15999999642372131        99.872000005722043       0.15499999653548002       -1.5499999653548002     
  0.16999999620020390        99.855500006459650       0.16499999631196260       -1.6499999631196260     
  0.17999999597668648        99.838000007241959       0.17499999608844519       -1.7499999608844519     
  0.18999999575316906        99.819500008068971       0.18499999586492777       -1.8499999586492777     
  0.19999999552965164        99.800000008940685       0.19499999564141035       -1.9499999564141035     
  0.20999999530613422        99.779500009857102       0.20499999541789293       -2.0499999541789293     
  0.21999999508261681        99.758000010818222       0.21499999519437551       -2.1499999519437551     
  0.22999999485909939        99.735500011824044       0.22499999497085810       -2.2499999497085810     
  0.23999999463558197        99.712000012874583       0.23499999474734068       -2.3499999474734068     
  0.24999999441206455        99.687500013969824       0.24499999452382326       -2.4499999452382326     
  0.25999999418854713        99.662000015109768       0.25499999430030584       -2.5499999430030584     
  0.26999999396502972        99.635500016294415       0.26499999407678843       -2.6499999407678843     
  0.27999999374151230        99.608000017523764       0.27499999385327101       -2.7499999385327101     
  0.28999999351799488        99.579500018797816       0.28499999362975359       -2.8499999362975359     
  0.29999999329447746        99.550000020116570       0.29499999340623617       -2.9499999340623617     
  0.30999999307096004        99.519500021480027       0.30499999318271875       -3.0499999318271875     
  0.31999999284744263        99.488000022888187       0.31499999295920134       -3.1499999295920134     
  0.32999999262392521        99.455500024341049       0.32499999273568392       -3.2499999273568392     
  0.33999999240040779        99.422000025838614       0.33499999251216650       -3.3499999251216650     
  0.34999999217689037        99.387500027380881       0.34499999228864908       -3.4499999228864908     
  0.35999999195337296        99.352000028967851       0.35499999206513166       -3.5499999206513166     
  0.36999999172985554        99.315500030599523       0.36499999184161425       -3.6499999184161425     
  0.37999999150633812        99.278000032275898       0.37499999161809683       -3.7499999161809683     
  0.38999999128282070        99.239500033996976       0.38499999139457941       -3.8499999139457941     
  0.39999999105930328        99.200000035762770       0.39499999117106199       -3.9499999117106199     
  0.40999999083578587        99.159500037573267       0.40499999094754457       -4.0499999094754457     
  0.41999999061226845        99.118000039428466       0.41499999072402716       -4.1499999072402716     
  0.42999999038875103        99.075500041328368       0.42499999050050974       -4.2499999050050974     
  0.43999999016523361        99.032000043272973       0.43499999027699232       -4.3499999027699232     
  0.44999998994171619        98.987500045262280       0.44499999005347490       -4.4499999005347490     
  0.45999998971819878        98.942000047296290       0.45499998982995749       -4.5499998982995749     
  0.46999998949468136        98.895500049375002       0.46499998960644007       -4.6499998960644007     
  0.47999998927116394        98.848000051498417       0.47499998938292265       -4.7499998938292265     
  0.48999998904764652        98.799500053666534       0.48499998915940523       -4.8499998915940523     
  0.49999998882412910        98.750000055879354       0.49499998893588781       -4.9499998893588781     
  0.50999998860061169        98.699500058136877       0.50499998871237040       -5.0499998871237040     
  0.51999998837709427        98.648000060439102       0.51499998848885298       -5.1499998848885298     
  0.52999998815357685        98.595500062786030       0.52499998826533556       -5.2499998826533556     
  0.53999998793005943        98.542000065177660       0.53499998804181814       -5.3499998804181814     
  0.54999998770654202        98.487500067613993       0.54499998781830072       -5.4499998781830072     
  0.55999998748302460        98.432000070095043       0.55499998759478331       -5.5499998759478331     
  0.56999998725950718        98.375500072620795       0.56499998737126589       -5.6499998737126589     
  0.57999998703598976        98.318000075191250       0.57499998714774847       -5.7499998714774847     
  0.58999998681247234        98.259500077806408       0.58499998692423105       -5.8499998692423105     
  0.59999998658895493        98.200000080466268       0.59499998670071363       -5.9499998670071363     
  0.60999998636543751        98.139500083170830       0.60499998647719622       -6.0499998647719622     
  0.61999998614192009        98.078000085920095       0.61499998625367880       -6.1499998625367880     
  0.62999998591840267        98.015500088714063       0.62499998603016138       -6.2499998603016138     
  0.63999998569488525        97.952000091552733       0.63499998580664396       -6.3499998580664396     
  0.64999998547136784        97.887500094436106       0.64499998558312654       -6.4499998558312654     
  0.65999998524785042        97.822000097364182       0.65499998535960913       -6.5499998535960913     
  0.66999998502433300        97.755500100336960       0.66499998513609171       -6.6499998513609171     
  0.67999998480081558        97.688000103354440       0.67499998491257429       -6.7499998491257429     
  0.68999998457729816        97.619500106416623       0.68499998468905687       -6.8499998468905687     
  0.69999998435378075        97.550000109523509       0.69499998446553946       -6.9499998446553946     
  0.70999998413026333        97.479500112675112       0.70499998424202204       -7.0499998424202204     
  0.71999998390674591        97.408000115871417       0.71499998401850462       -7.1499998401850462     
  0.72999998368322849        97.335500119112424       0.72499998379498720       -7.2499998379498720     
  0.73999998345971107        97.262000122398135       0.73499998357146978       -7.3499998357146978     
  0.74999998323619366        97.187500125728548       0.74499998334795237       -7.4499998334795237     
  0.75999998301267624        97.112000129103663       0.75499998312443495       -7.5499998312443495     
  0.76999998278915882        97.035500132523481       0.76499998290091753       -7.6499998290091753     
  0.77999998256564140        96.958000135988001       0.77499998267740011       -7.7499998267740011     
  0.78999998234212399        96.879500139497225       0.78499998245388269       -7.8499998245388269     
  0.79999998211860657        96.800000143051150       0.79499998223036528       -7.9499998223036528     
  0.80999998189508915        96.719500146649779       0.80499998200684786       -8.0499998200684786     
  0.81999998167157173        96.638000150293109       0.81499998178333044       -8.1499998178333044     
  0.82999998144805431        96.555500153981143       0.82499998155981302       -8.2499998155981302     
  0.83999998122453690        96.472000157713879       0.83499998133629560       -8.3499998133629560     
  0.84999998100101948        96.387500161491317       0.84499998111277819       -8.4499998111277819     
  0.85999998077750206        96.302000165313459       0.85499998088926077       -8.5499998088926077     
  0.86999998055398464        96.215500169180316       0.86499998066574335       -8.6499998066574335     
  0.87999998033046722        96.128000173091877       0.87499998044222593       -8.7499998044222593     
  0.88999998010694981        96.039500177048140       0.88499998021870852       -8.8499998021870852     
  0.89999997988343239        95.950000181049106       0.89499997999519110       -8.9499997999519110     
  0.90999997965991497        95.859500185094774       0.90499997977167368       -9.0499997977167368     
  0.91999997943639755        95.768000189185145       0.91499997954815626       -9.1499997954815626     
  0.92999997921288013        95.675500193320218       0.92499997932463884       -9.2499997932463884     
  0.93999997898936272        95.582000197499994       0.93499997910112143       -9.3499997910112143     
  0.94999997876584530        95.487500201724473       0.94499997887760401       -9.4499997887760401     
  0.95999997854232788        95.392000205993654       0.95499997865408659       -9.5499997865408659     
  0.96999997831881046        95.295500210307537       0.96499997843056917       -9.6499997843056917     
  0.97999997809529305        95.198000214666123       0.97499997820705175       -9.7499997820705175     
  0.98999997787177563        95.099500219069412       0.98499997798353434       -9.8499997798353434     
  0.99999997764825821        95.000000223517404       0.99499997776001692       -9.9499997776001692     
   1.0099999774247408        94.899500228010098        1.0049999775364995       -10.049999775364995     
   1.0199999772012234        94.798000232547494        1.0149999773129821       -10.149999773129821     
   1.0299999769777060        94.695500237129608        1.0249999770894647       -10.249999770894647     
   1.0399999767541885        94.592000241756423        1.0349999768659472       -10.349999768659472     
   1.0499999765306711        94.487500246427942        1.0449999766424298       -10.449999766424298     
   1.0599999763071537        94.382000251144163        1.0549999764189124       -10.549999764189124     
   1.0699999760836363        94.275500255905087        1.0649999761953950       -10.649999761953950     
   1.0799999758601189        94.168000260710713        1.0749999759718776       -10.749999759718776     
   1.0899999756366014        94.059500265561041        1.0849999757483602       -10.849999757483602     
   1.0999999754130840        93.950000270456073        1.0949999755248427       -10.949999755248427     
   1.1099999751895666        93.839500275395807        1.1049999753013253       -11.049999753013253     
   1.1199999749660492        93.728000280380243        1.1149999750778079       -11.149999750778079     
   1.1299999747425318        93.615500285409382        1.1249999748542905       -11.249999748542905     
   1.1399999745190144        93.502000290483224        1.1349999746307731       -11.349999746307731     
   1.1499999742954969        93.387500295601768        1.1449999744072556       -11.449999744072556     
   1.1599999740719795        93.272000300765015        1.1549999741837382       -11.549999741837382     
   1.1699999738484621        93.155500305972964        1.1649999739602208       -11.649999739602208     
   1.1799999736249447        93.038000311225630        1.1749999737367034       -11.749999737367034     
   1.1899999734014273        92.919500316522999        1.1849999735131860       -11.849999735131860     
   1.1999999731779099        92.800000321865070        1.1949999732896686       -11.949999732896686     
   1.2099999729543924        92.679500327251844        1.2049999730661511       -12.049999730661511     
   1.2199999727308750        92.558000332683321        1.2149999728426337       -12.149999728426337     
   1.2299999725073576        92.435500338159500        1.2249999726191163       -12.249999726191163     
   1.2399999722838402        92.312000343680381        1.2349999723955989       -12.349999723955989     
   1.2499999720603228        92.187500349245965        1.2449999721720815       -12.449999721720815     
   1.2599999718368053        92.062000354856252        1.2549999719485641       -12.549999719485641     
   1.2699999716132879        91.935500360511242        1.2649999717250466       -12.649999717250466     
   1.2799999713897705        91.808000366210933        1.2749999715015292       -12.749999715015292     
   1.2899999711662531        91.679500371955328        1.2849999712780118       -12.849999712780118     
   1.2999999709427357        91.550000377744425        1.2949999710544944       -12.949999710544944     
   1.3099999707192183        91.419500383578225        1.3049999708309770       -13.049999708309770     
   1.3199999704957008        91.288000389456727        1.3149999706074595       -13.149999706074595     
   1.3299999702721834        91.155500395379931        1.3249999703839421       -13.249999703839421     
   1.3399999700486660        91.022000401347853        1.3349999701604247       -13.349999701604247     
   1.3499999698251486        90.887500407360477        1.3449999699369073       -13.449999699369073     
   1.3599999696016312        90.752000413417804        1.3549999697133899       -13.549999697133899     
   1.3699999693781137        90.615500419519833        1.3649999694898725       -13.649999694898725     
   1.3799999691545963        90.478000425666565        1.3749999692663550       -13.749999692663550     
   1.3899999689310789        90.339500431857999        1.3849999690428376       -13.849999690428376     
   1.3999999687075615        90.200000438094136        1.3949999688193202       -13.949999688193202     
   1.4099999684840441        90.059500444374976        1.4049999685958028       -14.049999685958028     
   1.4199999682605267        89.918000450700518        1.4149999683722854       -14.149999683722854     
   1.4299999680370092        89.775500457070763        1.4249999681487679       -14.249999681487679     
   1.4399999678134918        89.632000463485710        1.4349999679252505       -14.349999679252505     
   1.4499999675899744        89.487500469945360        1.4449999677017331       -14.449999677017331     
   1.4599999673664570        89.342000476449712        1.4549999674782157       -14.549999674782157     
   1.4699999671429396        89.195500482998767        1.4649999672546983       -14.649999672546983     
   1.4799999669194221        89.048000489592525        1.4749999670311809       -14.749999670311809     
   1.4899999666959047        88.899500496230985        1.4849999668076634       -14.849999668076634     
   1.4999999664723873        88.750000502914162        1.4949999665841460       -14.949999665841460     
   1.5099999662488699        88.599500509642041        1.5049999663606286       -15.049999663606286     
   1.5199999660253525        88.448000516414623        1.5149999661371112       -15.149999661371112     
   1.5299999658018351        88.295500523231908        1.5249999659135938       -15.249999659135938     
   1.5399999655783176        88.142000530093895        1.5349999656900764       -15.349999656900764     
   1.5499999653548002        87.987500537000585        1.5449999654665589       -15.449999654665589     
   1.5599999651312828        87.832000543951978        1.5549999652430415       -15.549999652430415     
   1.5699999649077654        87.675500550948072        1.5649999650195241       -15.649999650195241     
   1.5799999646842480        87.518000557988870        1.5749999647960067       -15.749999647960067     
   1.5899999644607306        87.359500565074370        1.5849999645724893       -15.849999645724893     
   1.5999999642372131        87.200000572204573        1.5949999643489718       -15.949999643489718     
   1.6099999640136957        87.039500579379478        1.6049999641254544       -16.049999641254544     
   1.6199999637901783        86.878000586599086        1.6149999639019370       -16.149999639019370     
   1.6299999635666609        86.715500593863396        1.6249999636784196       -16.249999636784196     
   1.6399999633431435        86.552000601172409        1.6349999634549022       -16.349999634549022     
   1.6499999631196260        86.387500608526139        1.6449999632313848       -16.449999632313848     
   1.6599999628961086        86.222000615924571        1.6549999630078673       -16.549999630078673     
   1.6699999626725912        86.055500623367706        1.6649999627843499       -16.649999627843499     
   1.6799999624490738        85.888000630855544        1.6749999625608325       -16.749999625608325     
   1.6899999622255564        85.719500638388084        1.6849999623373151       -16.849999623373151     
   1.6999999620020390        85.550000645965326        1.6949999621137977       -16.949999621137977     
   1.7099999617785215        85.379500653587272        1.7049999618902802       -17.049999618902802     
   1.7199999615550041        85.208000661253919        1.7149999616667628       -17.149999616667628     
   1.7299999613314867        85.035500668965270        1.7249999614432454       -17.249999614432454     
   1.7399999611079693        84.862000676721323        1.7349999612197280       -17.349999612197280     
   1.7499999608844519        84.687500684522078        1.7449999609962106       -17.449999609962106     
   1.7599999606609344        84.512000692367536        1.7549999607726932       -17.549999607726932     
   1.7699999604374170        84.335500700257697        1.7649999605491757       -17.649999605491757     
   1.7799999602138996        84.158000708192560        1.7749999603256583       -17.749999603256583     
   1.7899999599903822        83.979500716172126        1.7849999601021409       -17.849999601021409     
   1.7999999597668648        83.800000724196394        1.7949999598786235       -17.949999598786235     
   1.8099999595433474        83.619500732265379        1.8049999596551061       -18.049999596551061     
   1.8199999593198299        83.438000740379067        1.8149999594315886       -18.149999594315886     
   1.8299999590963125        83.255500748537457        1.8249999592080712       -18.249999592080712     
   1.8399999588727951        83.072000756740550        1.8349999589845538       -18.349999589845538     
   1.8499999586492777        82.887500764988346        1.8449999587610364       -18.449999587610364     
   1.8599999584257603        82.702000773280844        1.8549999585375190       -18.549999585375190     
   1.8699999582022429        82.515500781618044        1.8649999583140016       -18.649999583140016     
   1.8799999579787254        82.328000789999948        1.8749999580904841       -18.749999580904841     
   1.8899999577552080        82.139500798426553        1.8849999578669667       -18.849999578669667     
   1.8999999575316906        81.950000806897862        1.8949999576434493       -18.949999576434493     
   1.9099999573081732        81.759500815413872        1.9049999574199319       -19.049999574199319     
   1.9199999570846558        81.568000823974586        1.9149999571964145       -19.149999571964145     
   1.9299999568611383        81.375500832580002        1.9249999569728971       -19.249999569728971     
   1.9399999566376209        81.182000841230121        1.9349999567493796       -19.349999567493796     
   1.9499999564141035        80.987500849924942        1.9449999565258622       -19.449999565258622     
   1.9599999561905861        80.792000858664480        1.9549999563023448       -19.549999563023448     
   1.9699999559670687        80.595500867448720        1.9649999560788274       -19.649999560788274     
   1.9799999557435513        80.398000876277663        1.9749999558553100       -19.749999558553100     
   1.9899999555200338        80.199500885151309        1.9849999556317925       -19.849999556317925     
   1.9999999552965164        80.000000894069657        1.9949999554082751       -19.949999554082751     
   2.0099999550729990        79.799500903032708        2.0049999551847577       -20.049999551847577     
   2.0199999548494816        79.598000912040462        2.0149999549612403       -20.149999549612403     
   2.0299999546259642        79.395500921092918        2.0249999547377229       -20.249999547377229     
   2.0399999544024467        79.192000930190076        2.0349999545142055       -20.349999545142055     
   2.0499999541789293        78.987500939331937        2.0449999542906880       -20.449999542906880     
   2.0599999539554119        78.782000948518501        2.0549999540671706       -20.549999540671706     
   2.0699999537318945        78.575500957749767        2.0649999538436532       -20.649999538436532     
   2.0799999535083771        78.368000967025736        2.0749999536201358       -20.749999536201358     
   2.0899999532848597        78.159500976346408        2.0849999533966184       -20.849999533966184     
   2.0999999530613422        77.950000985711782        2.0949999531731009       -20.949999531731009     
   2.1099999528378248        77.739500995121858        2.1049999529495835       -21.049999529495835     
   2.1199999526143074        77.528001004576652        2.1149999527260661       -21.149999527260661     
   2.1299999523907900        77.315501014076148        2.1249999525025487       -21.249999525025487     
   2.1399999521672726        77.102001023620346        2.1349999522790313       -21.349999522790313     
   2.1499999519437551        76.887501033209247        2.1449999520555139       -21.449999520555139     
   2.1599999517202377        76.672001042842851        2.1549999518319964       -21.549999518319964     
   2.1699999514967203        76.455501052521157        2.1649999516084790       -21.649999516084790     
   2.1799999512732029        76.238001062244166        2.1749999513849616       -21.749999513849616     
   2.1899999510496855        76.019501072011877        2.1849999511614442       -21.849999511614442     
   2.1999999508261681        75.800001081824291        2.1949999509379268       -21.949999509379268     
   2.2099999506026506        75.579501091681408        2.2049999507144094       -22.049999507144094     
   2.2199999503791332        75.358001101583227        2.2149999504908919       -22.149999504908919     
   2.2299999501556158        75.135501111529749        2.2249999502673745       -22.249999502673745     
   2.2399999499320984        74.912001121520973        2.2349999500438571       -22.349999500438571     
   2.2499999497085810        74.687501131556900        2.2449999498203397       -22.449999498203397     
   2.2599999494850636        74.462001141637529        2.2549999495968223       -22.549999495968223     
   2.2699999492615461        74.235501151762861        2.2649999493733048       -22.649999493733048     
   2.2799999490380287        74.008001161932910        2.2749999491497874       -22.749999491497874     
   2.2899999488145113        73.779501172147661        2.2849999489262700       -22.849999489262700     
   2.2999999485909939        73.550001182407115        2.2949999487027526       -22.949999487027526     
   2.3099999483674765        73.319501192711272        2.3049999484792352       -23.049999484792352     
   2.3199999481439590        73.088001203060131        2.3149999482557178       -23.149999482557178     
   2.3299999479204416        72.855501213453692        2.3249999480322003       -23.249999480322003     
   2.3399999476969242        72.622001223891957        2.3349999478086829       -23.349999478086829     
   2.3499999474734068        72.387501234374923        2.3449999475851655       -23.449999475851655     
   2.3599999472498894        72.152001244902593        2.3549999473616481       -23.549999473616481     
   2.3699999470263720        71.915501255474965        2.3649999471381307       -23.649999471381307     
   2.3799999468028545        71.678001266092039        2.3749999469146132       -23.749999469146132     
   2.3899999465793371        71.439501276753816        2.3849999466910958       -23.849999466910958     
   2.3999999463558197        71.200001287460296        2.3949999464675784       -23.949999464675784     
   2.4099999461323023        70.959501298211478        2.4049999462440610       -24.049999462440610     
   2.4199999459087849        70.718001309007363        2.4149999460205436       -24.149999460205436     
   2.4299999456852674        70.475501319847965        2.4249999457970262       -24.249999457970262     
   2.4399999454617500        70.232001330733269        2.4349999455735087       -24.349999455735087     
   2.4499999452382326        69.987501341663275        2.4449999453499913       -24.449999453499913     
   2.4599999450147152        69.742001352637985        2.4549999451264739       -24.549999451264739     
   2.4699999447911978        69.495501363657397        2.4649999449029565       -24.649999449029565     
   2.4799999445676804        69.248001374721511        2.4749999446794391       -24.749999446794391     
   2.4899999443441629        68.999501385830328        2.4849999444559216       -24.849999444559216     
   2.4999999441206455        68.750001396983848        2.4949999442324042       -24.949999442324042     
   2.5099999438971281        68.499501408182070        2.5049999440088868       -25.049999440088868     
   2.5199999436736107        68.248001419424995        2.5149999437853694       -25.149999437853694     
   2.5299999434500933        67.995501430712622        2.5249999435618520       -25.249999435618520     
   2.5399999432265759        67.742001442044952        2.5349999433383346       -25.349999433383346     
   2.5499999430030584        67.487501453421984        2.5449999431148171       -25.449999431148171     
   2.5599999427795410        67.232001464843719        2.5549999428912997       -25.549999428912997     
   2.5699999425560236        66.975501476310157        2.5649999426677823       -25.649999426677823     
   2.5799999423325062        66.718001487821297        2.5749999424442649       -25.749999424442649     
   2.5899999421089888        66.459501499377154        2.5849999422207475       -25.849999422207475     
   2.5999999418854713        66.200001510977714        2.5949999419972301       -25.949999419972301     
   2.6099999416619539        65.939501522622976        2.6049999417737126       -26.049999417737126     
   2.6199999414384365        65.678001534312941        2.6149999415501952       -26.149999415501952     
   2.6299999412149191        65.415501546047608        2.6249999413266778       -26.249999413266778     
   2.6399999409914017        65.152001557826978        2.6349999411031604       -26.349999411031604     
   2.6499999407678843        64.887501569651050        2.6449999408796430       -26.449999408796430     
   2.6599999405443668        64.622001581519825        2.6549999406561255       -26.549999406561255     
   2.6699999403208494        64.355501593433303        2.6649999404326081       -26.649999404326081     
   2.6799999400973320        64.088001605391483        2.6749999402090907       -26.749999402090907     
   2.6899999398738146        63.819501617394366        2.6849999399855733       -26.849999399855733     
   2.6999999396502972        63.550001629441951        2.6949999397620559       -26.949999397620559     
   2.7099999394267797        63.279501641534246        2.7049999395385385       -27.049999395385385     
   2.7199999392032623        63.008001653671244        2.7149999393150210       -27.149999393150210     
   2.7299999389797449        62.735501665852944        2.7249999390915036       -27.249999390915036     
   2.7399999387562275        62.462001678079346        2.7349999388679862       -27.349999388679862     
   2.7499999385327101        62.187501690350452        2.7449999386444688       -27.449999386444688     
   2.7599999383091927        61.912001702666259        2.7549999384209514       -27.549999384209514     
   2.7699999380856752        61.635501715026770        2.7649999381974339       -27.649999381974339     
   2.7799999378621578        61.358001727431983        2.7749999379739165       -27.749999379739165     
   2.7899999376386404        61.079501739881906        2.7849999377503991       -27.849999377503991     
   2.7999999374151230        60.800001752376531        2.7949999375268817       -27.949999375268817     
   2.8099999371916056        60.519501764915859        2.8049999373033643       -28.049999373033643     
   2.8199999369680882        60.238001777499889        2.8149999370798469       -28.149999370798469     
   2.8299999367445707        59.955501790128622        2.8249999368563294       -28.249999368563294     
   2.8399999365210533        59.672001802802058        2.8349999366328120       -28.349999366328120     
   2.8499999362975359        59.387501815520196        2.8449999364092946       -28.449999364092946     
   2.8599999360740185        59.102001828283043        2.8549999361857772       -28.549999361857772     
   2.8699999358505011        58.815501841090594        2.8649999359622598       -28.649999359622598     
   2.8799999356269836        58.528001853942847        2.8749999357387424       -28.749999357387424     
   2.8899999354034662        58.239501866839802        2.8849999355152249       -28.849999355152249     
   2.8999999351799488        57.950001879781460        2.8949999352917075       -28.949999352917075     
   2.9099999349564314        57.659501892767821        2.9049999350681901       -29.049999350681901     
   2.9199999347329140        57.368001905798884        2.9149999348446727       -29.149999348446727     
   2.9299999345093966        57.075501918874650        2.9249999346211553       -29.249999346211553     
   2.9399999342858791        56.782001931995126        2.9349999343976378       -29.349999343976378     
   2.9499999340623617        56.487501945160304        2.9449999341741204       -29.449999341741204     
   2.9599999338388443        56.192001958370184        2.9549999339506030       -29.549999339506030     
   2.9699999336153269        55.895501971624768        2.9649999337270856       -29.649999337270856     
   2.9799999333918095        55.598001984924053        2.9749999335035682       -29.749999335035682     
   2.9899999331682920        55.299501998268042        2.9849999332800508       -29.849999332800508     
   2.9999999329447746        55.000002011656733        2.9949999330565333       -29.949999330565333     
   3.0099999327212572        54.699502025090126        3.0049999328330159       -30.049999328330159     
   3.0199999324977398        54.398002038568229        3.0149999326094985       -30.149999326094985     
   3.0299999322742224        54.095502052091035        3.0249999323859811       -30.249999323859811     
   3.0399999320507050        53.792002065658544        3.0349999321624637       -30.349999321624637     
   3.0499999318271875        53.487502079270755        3.0449999319389462       -30.449999319389462     
   3.0599999316036701        53.182002092927668        3.0549999317154288       -30.549999317154288     
   3.0699999313801527        52.875502106629284        3.0649999314919114       -30.649999314919114     
   3.0799999311566353        52.568002120375603        3.0749999312683940       -30.749999312683940     
   3.0899999309331179        52.259502134166624        3.0849999310448766       -30.849999310448766     
   3.0999999307096004        51.950002148002355        3.0949999308213592       -30.949999308213592     
   3.1099999304860830        51.639502161882788        3.1049999305978417       -31.049999305978417     
   3.1199999302625656        51.328002175807924        3.1149999303743243       -31.149999303743243     
   3.1299999300390482        51.015502189777763        3.1249999301508069       -31.249999301508069     
   3.1399999298155308        50.702002203792304        3.1349999299272895       -31.349999299272895     
   3.1499999295920134        50.387502217851548        3.1449999297037721       -31.449999297037721     
   3.1599999293684959        50.072002231955494        3.1549999294802547       -31.549999294802547     
   3.1699999291449785        49.755502246104143        3.1649999292567372       -31.649999292567372     
   3.1799999289214611        49.438002260297502        3.1749999290332198       -31.749999290332198     
   3.1899999286979437        49.119502274535563        3.1849999288097024       -31.849999288097024     
   3.1999999284744263        48.800002288818327        3.1949999285861850       -31.949999285861850     
   3.2099999282509089        48.479502303145793        3.2049999283626676       -32.049999283626676     
   3.2199999280273914        48.158002317517962        3.2149999281391501       -32.149999281391501     
   3.2299999278038740        47.835502331934833        3.2249999279156327       -32.249999279156327     
   3.2399999275803566        47.512002346396407        3.2349999276921153       -32.349999276921153     
   3.2499999273568392        47.187502360902691        3.2449999274685979       -32.449999274685979     
   3.2599999271333218        46.862002375453677        3.2549999272450805       -32.549999272450805     
   3.2699999269098043        46.535502390049366        3.2649999270215631       -32.649999270215631     
   3.2799999266862869        46.208002404689758        3.2749999267980456       -32.749999267980456     
   3.2899999264627695        45.879502419374852        3.2849999265745282       -32.849999265745282     
   3.2999999262392521        45.550002434104648        3.2949999263510108       -32.949999263510108     
   3.3099999260157347        45.219502448879147        3.3049999261274934       -33.049999261274934     
   3.3199999257922173        44.888002463698349        3.3149999259039760       -33.149999259039760     
   3.3299999255686998        44.555502478562261        3.3249999256804585       -33.249999256804585     
   3.3399999253451824        44.222002493470875        3.3349999254569411       -33.349999254569411     
   3.3499999251216650        43.887502508424191        3.3449999252334237       -33.449999252334237     
   3.3599999248981476        43.552002523422210        3.3549999250099063       -33.549999250099063     
   3.3699999246746302        43.215502538464932        3.3649999247863889       -33.649999247863889     
   3.3799999244511127        42.878002553552356        3.3749999245628715       -33.749999245628715     
   3.3899999242275953        42.539502568684483        3.3849999243393540       -33.849999243393540     
   3.3999999240040779        42.200002583861313        3.3949999241158366       -33.949999241158366     
   3.4099999237805605        41.859502599082852        3.4049999238923192       -34.049999238923192     
   3.4199999235570431        41.518002614349093        3.4149999236688018       -34.149999236688018     
   3.4299999233335257        41.175502629660038        3.4249999234452844       -34.249999234452844     
   3.4399999231100082        40.832002645015685        3.4349999232217669       -34.349999232217669     
   3.4499999228864908        40.487502660416034        3.4449999229982495       -34.449999229982495     
   3.4599999226629734        40.142002675861086        3.4549999227747321       -34.549999227747321     
   3.4699999224394560        39.795502691350841        3.4649999225512147       -34.649999225512147     
   3.4799999222159386        39.448002706885298        3.4749999223276973       -34.749999223276973     
   3.4899999219924212        39.099502722464464        3.4849999221041799       -34.849999221041799     
   3.4999999217689037        38.750002738088334        3.4949999218806624       -34.949999218806624     
   3.5099999215453863        38.399502753756906        3.5049999216571450       -35.049999216571450     
   3.5199999213218689        38.048002769470180        3.5149999214336276       -35.149999214336276     
   3.5299999210983515        37.695502785228157        3.5249999212101102       -35.249999212101102     
   3.5399999208748341        37.342002801030837        3.5349999209865928       -35.349999209865928     
   3.5499999206513166        36.987502816878219        3.5449999207630754       -35.449999207630754     
   3.5599999204277992        36.632002832770304        3.5549999205395579       -35.549999205395579     
   3.5699999202042818        36.275502848707099        3.5649999203160405       -35.649999203160405     
   3.5799999199807644        35.918002864688596        3.5749999200925231       -35.749999200925231     
   3.5899999197572470        35.559502880714795        3.5849999198690057       -35.849999198690057     
   3.5999999195337296        35.200002896785698        3.5949999196454883       -35.949999196454883     
   3.6099999193102121        34.839502912901303        3.6049999194219708       -36.049999194219708     
   3.6199999190866947        34.478002929061610        3.6149999191984534       -36.149999191984534     
   3.6299999188631773        34.115502945266620        3.6249999189749360       -36.249999189749360     
   3.6399999186396599        33.752002961516339        3.6349999187514186       -36.349999187514186     
   3.6499999184161425        33.387502977810762        3.6449999185279012       -36.449999185279012     
   3.6599999181926250        33.022002994149886        3.6549999183043838       -36.549999183043838     
   3.6699999179691076        32.655503010533714        3.6649999180808663       -36.649999180808663     
   3.6799999177455902        32.288003026962244        3.6749999178573489       -36.749999178573489     
   3.6899999175220728        31.919503043435476        3.6849999176338315       -36.849999176338315     
   3.6999999172985554        31.550003059953415        3.6949999174103141       -36.949999174103141     
   3.7099999170750380        31.179503076516056        3.7049999171867967       -37.049999171867967     
   3.7199999168515205        30.808003093123400        3.7149999169632792       -37.149999169632792     
   3.7299999166280031        30.435503109775446        3.7249999167397618       -37.249999167397618     
   3.7399999164044857        30.062003126472199        3.7349999165162444       -37.349999165162444     
   3.7499999161809683        29.687503143213654        3.7449999162927270       -37.449999162927270     
   3.7599999159574509        29.312003159999811        3.7549999160692096       -37.549999160692096     
   3.7699999157339334        28.935503176830672        3.7649999158456922       -37.649999158456922     
   3.7799999155104160        28.558003193706238        3.7749999156221747       -37.749999156221747     
   3.7899999152868986        28.179503210626507        3.7849999153986573       -37.849999153986573     
   3.7999999150633812        27.800003227591478        3.7949999151751399       -37.949999151751399     
   3.8099999148398638        27.419503244601152        3.8049999149516225       -38.049999149516225     
   3.8199999146163464        27.038003261655533        3.8149999147281051       -38.149999147281051     
   3.8299999143928289        26.655503278754615        3.8249999145045877       -38.249999145045877     
   3.8399999141693115        26.272003295898401        3.8349999142810702       -38.349999142810702     
   3.8499999139457941        25.887503313086889        3.8449999140575528       -38.449999140575528     
   3.8599999137222767        25.502003330320083        3.8549999138340354       -38.549999138340354     
   3.8699999134987593        25.115503347597979        3.8649999136105180       -38.649999136105180     
   3.8799999132752419        24.728003364920578        3.8749999133870006       -38.749999133870006     
   3.8899999130517244        24.339503382287880        3.8849999131634831       -38.849999131634831     
   3.8999999128282070        23.950003399699888        3.8949999129399657       -38.949999129399657     
   3.9099999126046896        23.559503417156598        3.9049999127164483       -39.049999127164483     
   3.9199999123811722        23.168003434658011        3.9149999124929309       -39.149999124929309     
   3.9299999121576548        22.775503452204127        3.9249999122694135       -39.249999122694135     
   3.9399999119341373        22.382003469794949        3.9349999120458961       -39.349999120458961     
   3.9499999117106199        21.987503487430473        3.9449999118223786       -39.449999118223786     
   3.9599999114871025        21.592003505110700        3.9549999115988612       -39.549999115988612     
   3.9699999112635851        21.195503522835629        3.9649999113753438       -39.649999113753438     
   3.9799999110400677        20.798003540605265        3.9749999111518264       -39.749999111518264     
   3.9899999108165503        20.399503558419603        3.9849999109283090       -39.849999109283090     
   3.9999999105930328        20.000003576278644        3.9949999107047915       -39.949999107047915     
   4.0099999103695154        19.599503594182387        4.0049999104812741       -40.049999104812741     
   4.0199999101459980        19.198003612130837        4.0149999102577567       -40.149999102577567     
   4.0299999099224806        18.795503630123989        4.0249999100342393       -40.249999100342393     
   4.0399999096989632        18.392003648161843        4.0349999098107219       -40.349999098107219     
   4.0499999094754457        17.987503666244400        4.0449999095872045       -40.449999095872045     
   4.0599999092519283        17.582003684371664        4.0549999093636870       -40.549999093636870     
   4.0699999090284109        17.175503702543629        4.0649999091401696       -40.649999091401696     
   4.0799999088048935        16.768003720760298        4.0749999089166522       -40.749999089166522     
   4.0899999085813761        16.359503739021672        4.0849999086931348       -40.849999086931348     
   4.0999999083578587        15.950003757327750        4.0949999084696174       -40.949999084696174     
   4.1099999081343412        15.539503775678529        4.1049999082460999       -41.049999082460999     
   4.1199999079108238        15.128003794074013        4.1149999080225825       -41.149999080225825     
   4.1299999076873064        14.715503812514200        4.1249999077990651       -41.249999077990651     
   4.1399999074637890        14.302003830999091        4.1349999075755477       -41.349999075755477     
   4.1499999072402716        13.887503849528684        4.1449999073520303       -41.449999073520303     
   4.1599999070167542        13.472003868102982        4.1549999071285129       -41.549999071285129     
   4.1699999067932367        13.055503886721983        4.1649999069049954       -41.649999069049954     
   4.1799999065697193        12.638003905385688        4.1749999066814780       -41.749999066814780     
   4.1899999063462019        12.219503924094095        4.1849999064579606       -41.849999064579606     
   4.1999999061226845        11.800003942847207        4.1949999062344432       -41.949999062344432     
   4.2099999058991671        11.379503961645021        4.2049999060109258       -42.049999060109258     
   4.2199999056756496        10.958003980487540        4.2149999057874084       -42.149999057874084     
   4.2299999054521322        10.535503999374761        4.2249999055638909       -42.249999055638909     
   4.2399999052286148        10.112004018306687        4.2349999053403735       -42.349999053403735     
   4.2499999050050974        9.6875040372833148        4.2449999051168561       -42.449999051168561     
   4.2599999047815800        9.2620040563046473        4.2549999048933387       -42.549999048933387     
   4.2699999045580626        8.8355040753706824        4.2649999046698213       -42.649999046698213     
   4.2799999043345451        8.4080040944814218        4.2749999044463038       -42.749999044463038     
   4.2899999041110277        7.9795041136368647        4.2849999042227864       -42.849999042227864     
   4.2999999038875103        7.5500041328370111        4.2949999039992690       -42.949999039992690     
   4.3099999036639929        7.1195041520818609        4.3049999037757516       -43.049999037757516     
   4.3199999034404755        6.6880041713714142        4.3149999035522342       -43.149999035522342     
   4.3299999032169580        6.2555041907056710        4.3249999033287168       -43.249999033287168     
   4.3399999029934406        5.8220042100846312        4.3349999031051993       -43.349999031051993     
   4.3499999027699232        5.3875042295082949        4.3449999028816819       -43.449999028816819     
   4.3599999025464058        4.9520042489766620        4.3549999026581645       -43.549999026581645     
   4.3699999023228884        4.5155042684897326        4.3649999024346471       -43.649999024346471     
   4.3799999020993710        4.0780042880475067        4.3749999022111297       -43.749999022111297     
   4.3899999018758535        3.6395043076499842        4.3849999019876122       -43.849999019876122     
   4.3999999016523361        3.2000043272971652        4.3949999017640948       -43.949999017640948     
   4.4099999014288187        2.7595043469890497        4.4049999015405774       -44.049999015405774     
   4.4199999012053013        2.3180043667256376        4.4149999013170600       -44.149999013170600     
   4.4299999009817839        1.8755043865069290        4.4249999010935426       -44.249999010935426     
   4.4399999007582664        1.4320044063329238        4.4349999008700252       -44.349999008700252     
   4.4499999005347490       0.98750442620362211        4.4449999006465077       -44.449999006465077     
   4.4599999003112316       0.54200444611902387        4.4549999004229903       -44.549999004229903     
   4.4699999000877142        9.5504466079129047E-002   4.4649999001994729       -44.649999001994729     
